19 0.131429 0.837228 0.0228571 0.0354553
19 0.370286 0.583803 0.0228571 0.0362611
19 0.399429 0.930701 0.0217143 0.0338437
19 0.284 0.205077 0.024 0.0362611
19 0.647429 0.521354 0.024 0.0370669
4 0.591429 0.552377 0.024 0.0362611
4 0.817714 0.930701 0.0194286 0.0338437
19 0.472571 0.679291 0.0217143 0.0370669
4 0.893714 0.521354 0.0228571 0.0354553
19 0.139429 0.395649 0.0228571 0.0370669
19 0.148571 0.49033 0.0228571 0.0362611
9 0.436 0.930701 0.0217143 0.0338437
19 0.882857 0.584206 0.0217143 0.0354553
19 0.260571 0.615633 0.0228571 0.0370669
4 0.126286 0.204674 0.0217143 0.0338437
19 0.541714 0.236906 0.0228571 0.0354553
4 0.598286 0.0793715 0.0217143 0.0346495
19 0.372571 0.237309 0.0228571 0.0362611
19 0.16 0.837228 0.0228571 0.0354553
9 0.594857 0.205479 0.024 0.0354553
19 0.822286 0.615633 0.024 0.0370669
19 0.736 0.868654 0.0228571 0.0354553
19 0.208571 0.930701 0.0217143 0.0338437
19 0.421714 0.55278 0.0228571 0.0370669
19 0.495429 0.332393 0.0217143 0.0362611
4 0.218857 0.836825 0.0217143 0.0362611
4 0.529143 0.868251 0.0228571 0.0362611
4 0.903429 0.647462 0.0217143 0.0346495
19 0.584 0.489927 0.0228571 0.0354553
19 0.882857 0.742143 0.0217143 0.0354553
4 0.429143 0.142627 0.024 0.0370669
19 0.129143 0.71112 0.0228571 0.0362611
4 0.103429 0.930701 0.0217143 0.0338437
4 0.214286 0.61523 0.024 0.0362611
4 0.642286 0.110798 0.0228571 0.0362611
4 0.237143 0.458098 0.0217143 0.0362611
19 0.829143 0.869057 0.024 0.0362611
4 0.384571 0.552377 0.0217143 0.0362611
19 0.677714 0.205479 0.0228571 0.0370669
19 0.718286 0.237309 0.024 0.0362611
9 0.661143 0.0801773 0.0217143 0.0346495
19 0.637143 0.363417 0.0217143 0.0370669
4 0.836 0.331587 0.0217143 0.0346495
19 0.904 0.900483 0.0228571 0.0362611
19 0.370286 0.14303 0.0228571 0.0362611
9 0.370286 0.931104 0.0228571 0.0346495
9 0.351429 0.205882 0.024 0.0362611
4 0.904 0.710717 0.0228571 0.0354553
4 0.185143 0.584206 0.0228571 0.0370669
4 0.177143 0.647462 0.0228571 0.0362611
19 0.739429 0.805399 0.0228571 0.0362611
4 0.111429 0.17365 0.0217143 0.0346495
19 0.684571 0.679291 0.0228571 0.0370669
19 0.72 0.647865 0.0228571 0.0370669
4 0.144571 0.426269 0.0217143 0.0354553
4 0.677714 0.647462 0.0228571 0.0362611
19 0.250857 0.553183 0.0217143 0.0362611
9 0.137143 0.679694 0.0228571 0.0362611
9 0.579429 0.174456 0.0228571 0.0362611
19 0.696571 0.836825 0.0217143 0.0362611
9 0.853143 0.616035 0.024 0.0362611
4 0.630286 0.584609 0.0217143 0.0362611
9 0.541714 0.679694 0.0228571 0.0362611
4 0.111429 0.520951 0.0217143 0.0346495
4 0.319429 0.142627 0.0217143 0.0354553
9 0.350857 0.269541 0.0228571 0.0362611
19 0.104571 0.0801773 0.0217143 0.0362611
4 0.878286 0.236503 0.0217143 0.0346495
19 0.468571 0.236906 0.0228571 0.0370669
9 0.835429 0.584609 0.0228571 0.0362611
4 0.506857 0.269138 0.0217143 0.0354553
4 0.438286 0.710717 0.0217143 0.0354553
19 0.784 0.427075 0.0228571 0.0370669
9 0.780571 0.553183 0.0228571 0.0362611
9 0.596571 0.14303 0.0228571 0.0362611
4 0.798286 0.678888 0.0217143 0.0362611
4 0.713714 0.142627 0.0217143 0.0354553
9 0.746286 0.458904 0.0228571 0.0362611
4 0.434857 0.615633 0.0217143 0.0370669
4 0.841714 0.300161 0.0217143 0.0346495
9 0.341714 0.584609 0.0228571 0.0362611
9 0.16 0.269138 0.0228571 0.0354553
9 0.514286 0.300967 0.0228571 0.0362611
9 0.179429 0.837228 0.0228571 0.0354553
9 0.129714 0.174053 0.0217143 0.0354553
4 0.246286 0.142627 0.0217143 0.0354553
9 0.835429 0.742546 0.0228571 0.0362611
9 0.446857 0.332393 0.0228571 0.0362611
9 0.406857 0.458904 0.0228571 0.0362611
9 0.882857 0.205882 0.0217143 0.0362611
9 0.443429 0.679694 0.0228571 0.0362611
9 0.784571 0.110798 0.024 0.0362611
9 0.504 0.553183 0.0228571 0.0362611
19 0.185714 0.521757 0.0217143 0.0362611
9 0.852571 0.679694 0.0228571 0.0362611
19 0.52 0.71112 0.0228571 0.0362611
9 0.822286 0.553183 0.024 0.0362611
4 0.477143 0.142224 0.024 0.0362611
19 0.289143 0.868654 0.0228571 0.0370669
9 0.561143 0.237309 0.0228571 0.0362611
9 0.818286 0.205882 0.0228571 0.0362611
9 0.377143 0.49033 0.0228571 0.0362611
4 0.736571 0.268735 0.0217143 0.0346495
4 0.399429 0.678888 0.0217143 0.0346495
9 0.424 0.269541 0.0228571 0.0362611
9 0.630286 0.55278 0.024 0.0370669
4 0.858857 0.142224 0.0217143 0.0346495
4 0.711429 0.741741 0.0217143 0.0346495
9 0.318286 0.174053 0.0217143 0.0354553
9 0.5 0.174053 0.0217143 0.0354553
9 0.309714 0.111201 0.0228571 0.0354553
19 0.301714 0.742143 0.0228571 0.0354553
19 0.256571 0.679291 0.024 0.0370669
19 0.126857 0.742546 0.0228571 0.0362611
4 0.692 0.900081 0.0217143 0.0354553
9 0.210286 0.394843 0.0228571 0.0354553
9 0.869714 0.805399 0.0228571 0.0362611
9 0.216 0.111604 0.0228571 0.0362611
9 0.727429 0.773973 0.0217143 0.0362611
9 0.0942857 0.584609 0.0217143 0.0362611
19 0.661714 0.77357 0.0228571 0.0370669
4 0.348 0.710717 0.0217143 0.0354553
9 0.765143 0.427075 0.024 0.0370669
9 0.819429 0.269138 0.0228571 0.0354553
13 0.314857 0.458098 0.0148571 0.0346495
13 0.157143 0.110395 0.0148571 0.0354553
19 0.801143 0.269541 0.0228571 0.0362611
13 0.776571 0.837228 0.0148571 0.0354553
9 0.283429 0.742143 0.0228571 0.0354553
13 0.802286 0.930701 0.0137143 0.0338437
13 0.1 0.268735 0.0148571 0.0346495
13 0.865714 0.17365 0.0148571 0.0346495
13 0.116 0.836825 0.0148571 0.0346495
13 0.681714 0.836825 0.0148571 0.0346495
13 0.776 0.0793715 0.0137143 0.0346495
9 0.3 0.71112 0.0217143 0.0362611
9 0.388571 0.14303 0.0228571 0.0362611
13 0.281714 0.426269 0.0148571 0.0354553
9 0.0942857 0.647865 0.0217143 0.0354553
13 0.383429 0.678888 0.0148571 0.0346495
13 0.752571 0.868251 0.0148571 0.0346495
13 0.605143 0.268735 0.0148571 0.0346495
13 0.413143 0.710314 0.0148571 0.0346495
13 0.174286 0.299758 0.0148571 0.0354553
13 0.725714 0.930701 0.0137143 0.0338437
13 0.212 0.458501 0.0148571 0.0354553
13 0.824571 0.900081 0.0148571 0.0354553
15 0.227429 0.742143 0.0114286 0.0354553
9 0.623429 0.86946 0.024 0.0370669
13 0.870857 0.33199 0.0137143 0.0354553
13 0.661143 0.678888 0.0148571 0.0362611
13 0.543429 0.17365 0.0148571 0.0346495
13 0.135429 0.268735 0.0148571 0.0346495
13 0.756 0.552377 0.0148571 0.0346495
19 0.654857 0.710717 0.0228571 0.0370669
13 0.196 0.299758 0.0148571 0.0354553
13 0.677143 0.363417 0.0148571 0.0354553
13 0.491429 0.773167 0.0137143 0.0346495
13 0.204 0.836825 0.0148571 0.0346495
13 0.726286 0.742143 0.0148571 0.0354553
13 0.154857 0.55278 0.0148571 0.0354553
15 0.558857 0.741741 0.0114286 0.0346495
13 0.330857 0.900081 0.0148571 0.0354553
13 0.594857 0.458501 0.0148571 0.0354553
9 0.0942857 0.805802 0.0217143 0.0370669
13 0.462857 0.363014 0.0137143 0.0346495
13 0.720571 0.552377 0.0148571 0.0362611
13 0.453143 0.710314 0.0148571 0.0346495
13 0.610286 0.710717 0.0137143 0.0354553
15 0.155429 0.77357 0.0114286 0.0354553
13 0.268 0.741741 0.0148571 0.0346495
13 0.585143 0.236906 0.016 0.0370669
15 0.555429 0.710314 0.0114286 0.0362611
13 0.578857 0.110798 0.0148571 0.0362611
13 0.845143 0.489927 0.0148571 0.0354553
13 0.499429 0.425866 0.0137143 0.0362611
13 0.906857 0.426269 0.0148571 0.0354553
13 0.623429 0.174053 0.0148571 0.0354553
15 0.670857 0.837228 0.0114286 0.0354553
15 0.333143 0.142627 0.0125714 0.0354553
15 0.612 0.679694 0.0125714 0.0362611
15 0.123429 0.679291 0.0114286 0.0354553
15 0.736571 0.741741 0.0125714 0.0362611
15 0.338286 0.647462 0.0114286 0.0362611
15 0.827429 0.300161 0.0114286 0.0346495
15 0.222857 0.458098 0.0114286 0.0346495
15 0.410286 0.394843 0.0114286 0.0354553
13 0.110857 0.489525 0.0137143 0.0362611
13 0.567429 0.804996 0.0148571 0.0354553
15 0.908 0.300564 0.0125714 0.0354553
15 0.697143 0.741741 0.0114286 0.0362611
15 0.667429 0.805802 0.0114286 0.0354553
13 0.261714 0.363014 0.0137143 0.0346495
15 0.388 0.741741 0.0125714 0.0346495
13 0.878286 0.900483 0.0148571 0.0362611
15 0.601714 0.33199 0.0125714 0.0354553
15 0.162286 0.900081 0.0114286 0.0354553
13 0.884571 0.55278 0.016 0.0370669
15 0.448 0.521354 0.0114286 0.0354553
13 0.1 0.77357 0.0148571 0.0354553
15 0.908 0.678888 0.0125714 0.0362611
15 0.320571 0.39444 0.0102857 0.0346495
13 0.413143 0.142627 0.0148571 0.0354553
15 0.309143 0.36382 0.0125714 0.0362611
15 0.283429 0.837228 0.0114286 0.0354553
13 0.539429 0.900081 0.0137143 0.0354553
15 0.794286 0.647865 0.0114286 0.0354553
15 0.856571 0.300161 0.0125714 0.0346495
15 0.836 0.458501 0.0125714 0.0354553
15 0.849143 0.583803 0.0114286 0.0346495
15 0.233714 0.837228 0.0125714 0.0354553
15 0.128571 0.300161 0.0125714 0.0362611
13 0.286857 0.269138 0.016 0.0370669
15 0.469714 0.205077 0.0114286 0.0346495
15 0.765143 0.647865 0.0125714 0.0354553
15 0.438857 0.174053 0.0114286 0.0354553
15 0.536 0.521354 0.0114286 0.0354553
15 0.657143 0.110798 0.0114286 0.0362611
15 0.908 0.521354 0.0125714 0.0354553
15 0.24 0.647462 0.0114286 0.0362611
15 0.554857 0.647865 0.0102857 0.0354553
15 0.834286 0.489927 0.0114286 0.0354553
15 0.0897143 0.269138 0.0102857 0.0354553
15 0.908 0.615633 0.0125714 0.0370669
15 0.773714 0.931104 0.0114286 0.0346495
15 0.0988571 0.394843 0.0125714 0.0354553
15 0.534286 0.710314 0.0125714 0.0362611
15 0.559429 0.837228 0.0102857 0.0338437
15 0.452 0.426672 0.0125714 0.0362611
15 0.849143 0.741741 0.0114286 0.0346495
15 0.261143 0.300564 0.0125714 0.0370669
15 0.424 0.710314 0.0114286 0.0346495
15 0.629714 0.837228 0.0114286 0.0354553
15 0.154857 0.931104 0.0125714 0.0346495
15 0.791429 0.931104 0.0125714 0.0346495
15 0.34 0.174053 0.0125714 0.0354553
15 0.480571 0.300564 0.0125714 0.0354553
15 0.856 0.394843 0.0114286 0.0354553
15 0.267429 0.489927 0.0114286 0.0354553
15 0.765714 0.679291 0.0114286 0.0354553
15 0.297714 0.332393 0.0125714 0.0362611
15 0.334857 0.836825 0.0114286 0.0346495
15 0.792 0.174053 0.0114286 0.0354553
15 0.74 0.363417 0.0125714 0.0354553
15 0.773143 0.269138 0.0125714 0.0354553
15 0.84 0.236906 0.0114286 0.0354553
15 0.566857 0.363014 0.0114286 0.0346495
15 0.730857 0.521354 0.0125714 0.0354553
15 0.406286 0.269138 0.0125714 0.0354553
15 0.292571 0.520951 0.0114286 0.0362611
15 0.402857 0.142627 0.0125714 0.0354553
15 0.52 0.110798 0.0114286 0.0346495
15 0.638857 0.236906 0.0114286 0.0354553
15 0.218286 0.55278 0.0114286 0.0354553
15 0.172571 0.930701 0.0114286 0.0338437
15 0.385143 0.930701 0.0114286 0.0338437
15 0.590286 0.110798 0.0125714 0.0362611
15 0.681714 0.583803 0.0125714 0.0362611
15 0.212 0.174456 0.0125714 0.0362611
15 0.833714 0.269138 0.0125714 0.0354553
15 0.458286 0.679291 0.0114286 0.0354553
15 0.74 0.489927 0.0125714 0.0354553
15 0.714286 0.931104 0.0114286 0.0330379
15 0.148 0.804996 0.0102857 0.0354553
15 0.712 0.331587 0.0114286 0.0346495
15 0.294857 0.0797744 0.0114286 0.0354553
15 0.641714 0.679694 0.0125714 0.0362611
15 0.692571 0.616035 0.0114286 0.0362611
15 0.717714 0.110798 0.0114286 0.0346495
15 0.584 0.458098 0.0114286 0.0362611
15 0.327429 0.615633 0.0125714 0.0370669
15 0.298857 0.236906 0.0148571 0.0370669
15 0.856 0.805399 0.0114286 0.0362611
15 0.193143 0.836825 0.0114286 0.0346495
15 0.196 0.394843 0.0125714 0.0354553
15 0.163429 0.300161 0.0137143 0.0362611
15 0.574286 0.236906 0.0125714 0.0354553
15 0.150286 0.14303 0.0125714 0.0362611
15 0.498286 0.741741 0.0114286 0.0362611
15 0.612 0.174053 0.0125714 0.0354553
13 0.554857 0.805399 0.0148571 0.0362611
15 0.210857 0.142627 0.0125714 0.0354553
9 0.322286 0.679694 0.0228571 0.0362611
15 0.274286 0.458501 0.0114286 0.0354553
15 0.208 0.868654 0.0114286 0.0354553
15 0.664571 0.205479 0.0125714 0.0354553
15 0.638857 0.458098 0.0114286 0.0362611
15 0.669143 0.710314 0.0125714 0.0362611
15 0.763429 0.142627 0.0114286 0.0354553
15 0.257714 0.742143 0.0125714 0.0354553
15 0.421143 0.174053 0.0125714 0.0354553
15 0.753714 0.205077 0.0125714 0.0346495
15 0.688 0.363417 0.0114286 0.0354553
15 0.762286 0.868251 0.0114286 0.0346495
15 0.385143 0.900081 0.0114286 0.0354553
15 0.356 0.584609 0.0125714 0.0362611
15 0.701143 0.521354 0.0125714 0.0354553
15 0.628 0.110798 0.0125714 0.0362611
15 0.551429 0.77357 0.0125714 0.0354553
15 0.709143 0.55278 0.0125714 0.0354553
15 0.484 0.804996 0.0125714 0.0354553
15 0.649714 0.868654 0.0125714 0.0354553
15 0.0897143 0.742143 0.0102857 0.0354553
15 0.0897143 0.300161 0.0125714 0.0362611
15 0.462286 0.142627 0.0125714 0.0370669
15 0.593143 0.615633 0.0114286 0.0354553
15 0.706286 0.0797744 0.0114286 0.0338437
15 0.0897143 0.710717 0.0102857 0.0354553
15 0.277143 0.236906 0.0148571 0.0370669
15 0.180571 0.0797744 0.0114286 0.0354553
15 0.52 0.900081 0.0114286 0.0354553
15 0.538857 0.615633 0.0125714 0.0370669
15 0.853714 0.205077 0.0114286 0.0362611
15 0.369714 0.552377 0.0125714 0.0362611
15 0.461143 0.33199 0.0125714 0.0354553
15 0.362857 0.489927 0.0125714 0.0354553
15 0.408 0.0797744 0.0114286 0.0338437
19 0.766286 0.332393 0.0217143 0.0362611
15 0.697714 0.805399 0.0125714 0.0362611
15 0.512571 0.804996 0.0125714 0.0354553
15 0.759429 0.110798 0.0125714 0.0362611
15 0.421714 0.930701 0.0114286 0.0322321
15 0.544571 0.804996 0.0125714 0.0354553
15 0.0897143 0.205077 0.0102857 0.0330379
15 0.133714 0.930298 0.0137143 0.0346495
15 0.488 0.426269 0.0137143 0.0370669
15 0.571429 0.584206 0.0114286 0.0370669
15 0.532 0.174053 0.0125714 0.0354553
15 0.0994286 0.489927 0.0137143 0.0370669
15 0.577714 0.804996 0.0125714 0.0354553
9 0.145143 0.742143 0.0228571 0.0370669
15 0.343429 0.77357 0.0148571 0.0354553
15 0.276571 0.489525 0.0114286 0.0362611
15 0.647429 0.930298 0.0102857 0.0330379
15 0.126286 0.929895 0.0102857 0.0338437
15 0.245714 0.520951 0.0114286 0.0362611
15 0.104571 0.394843 0.0171429 0.0354553
15 0.226857 0.426672 0.0171429 0.0362611
9 0.365714 0.269138 0.032 0.0370669
19 0.269143 0.205077 0.0308571 0.0346495
15 0.834286 0.930701 0.016 0.0338437
