11 0.542286 0.837228 0.0285714 0.0370669
11 0.748 0.647462 0.0285714 0.0362611
11 0.519429 0.521757 0.0285714 0.0362611
11 0.818857 0.458098 0.0285714 0.0362611
11 0.685143 0.521757 0.0285714 0.0362611
11 0.281714 0.553183 0.0285714 0.0362611
11 0.352571 0.458501 0.0285714 0.0354553
11 0.836 0.647462 0.0285714 0.0362611
11 0.794286 0.836825 0.0274286 0.0362611
11 0.840571 0.426672 0.0285714 0.0362611
11 0.857143 0.237309 0.0274286 0.0362611
11 0.257714 0.458904 0.0285714 0.0362611
11 0.431429 0.521757 0.0285714 0.0362611
11 0.827429 0.174053 0.0274286 0.0354553
11 0.537714 0.647462 0.0285714 0.0362611
11 0.772 0.521354 0.0285714 0.0370669
11 0.562857 0.489927 0.0285714 0.0354553
11 0.775429 0.174456 0.0285714 0.0362611
11 0.814286 0.584609 0.0285714 0.0362611
11 0.118286 0.269138 0.0285714 0.0354553
11 0.201714 0.553183 0.0285714 0.0362611
11 0.105714 0.110798 0.0285714 0.0362611
25 0.274286 0.299758 0.0228571 0.0354553
11 0.814286 0.742143 0.0285714 0.0370669
11 0.105714 0.742143 0.0285714 0.0354553
11 0.330857 0.332393 0.0285714 0.0362611
11 0.682857 0.55278 0.0285714 0.0354553
11 0.695429 0.332393 0.0285714 0.0362611
11 0.684 0.489927 0.0285714 0.0354553
11 0.576571 0.615633 0.0285714 0.0370669
11 0.250857 0.489927 0.0285714 0.0354553
11 0.664571 0.584609 0.0285714 0.0362611
11 0.738286 0.55278 0.0274286 0.0354553
11 0.106857 0.679291 0.0285714 0.0370669
11 0.709143 0.616035 0.0285714 0.0362611
11 0.172 0.773167 0.0285714 0.0362611
11 0.503429 0.110798 0.0285714 0.0362611
11 0.105714 0.616035 0.0285714 0.0362611
11 0.746857 0.142627 0.0285714 0.0370669
11 0.622286 0.458501 0.0285714 0.0370669
11 0.288571 0.110798 0.0285714 0.0362611
11 0.689714 0.0797744 0.0285714 0.0354553
11 0.223429 0.647462 0.0285714 0.0362611
11 0.255429 0.931104 0.0262857 0.0330379
11 0.781143 0.363417 0.0285714 0.0370669
11 0.568571 0.773973 0.0285714 0.0362611
19 0.131429 0.837228 0.0228571 0.0354553
11 0.425714 0.33199 0.0285714 0.0370669
25 0.705714 0.489525 0.0217143 0.0362611
11 0.787429 0.33199 0.0274286 0.0354553
19 0.370286 0.583803 0.0228571 0.0362611
11 0.394857 0.427075 0.0285714 0.0370669
11 0.810857 0.300564 0.0285714 0.0370669
19 0.399429 0.930701 0.0217143 0.0338437
19 0.284 0.205077 0.024 0.0362611
19 0.647429 0.521354 0.024 0.0370669
11 0.900571 0.363417 0.0274286 0.0354553
19 0.472571 0.679291 0.0217143 0.0370669
11 0.321714 0.647865 0.0285714 0.0370669
19 0.139429 0.395649 0.0228571 0.0370669
19 0.148571 0.49033 0.0228571 0.0362611
19 0.882857 0.584206 0.0217143 0.0354553
19 0.260571 0.615633 0.0228571 0.0370669
19 0.541714 0.236906 0.0228571 0.0354553
19 0.372571 0.237309 0.0228571 0.0362611
19 0.16 0.837228 0.0228571 0.0354553
19 0.822286 0.615633 0.024 0.0370669
11 0.400571 0.647462 0.0285714 0.0362611
19 0.736 0.868654 0.0228571 0.0354553
19 0.208571 0.930701 0.0217143 0.0338437
19 0.421714 0.55278 0.0228571 0.0370669
19 0.495429 0.332393 0.0217143 0.0362611
19 0.584 0.489927 0.0228571 0.0354553
19 0.882857 0.742143 0.0217143 0.0354553
25 0.416571 0.425866 0.0217143 0.0362611
19 0.129143 0.71112 0.0228571 0.0362611
19 0.829143 0.869057 0.024 0.0362611
25 0.769143 0.710314 0.0228571 0.0362611
19 0.677714 0.205479 0.0228571 0.0370669
19 0.718286 0.237309 0.024 0.0362611
25 0.341714 0.61523 0.0228571 0.0362611
19 0.637143 0.363417 0.0217143 0.0370669
19 0.904 0.900483 0.0228571 0.0362611
19 0.370286 0.14303 0.0228571 0.0362611
19 0.739429 0.805399 0.0228571 0.0362611
19 0.684571 0.679291 0.0228571 0.0370669
19 0.72 0.647865 0.0228571 0.0370669
19 0.250857 0.553183 0.0217143 0.0362611
19 0.696571 0.836825 0.0217143 0.0362611
19 0.104571 0.0801773 0.0217143 0.0362611
25 0.232571 0.552377 0.0217143 0.0362611
19 0.468571 0.236906 0.0228571 0.0370669
19 0.784 0.427075 0.0228571 0.0370669
25 0.501714 0.710314 0.0228571 0.0362611
11 0.301143 0.805399 0.0285714 0.0378727
19 0.185714 0.521757 0.0217143 0.0362611
19 0.52 0.71112 0.0228571 0.0362611
19 0.289143 0.868654 0.0228571 0.0370669
25 0.881714 0.77357 0.0217143 0.0354553
25 0.123429 0.0793715 0.0205714 0.0346495
19 0.301714 0.742143 0.0228571 0.0354553
19 0.256571 0.679291 0.024 0.0370669
19 0.126857 0.742546 0.0228571 0.0362611
25 0.642286 0.773167 0.0228571 0.0362611
19 0.661714 0.77357 0.0228571 0.0370669
19 0.801143 0.269541 0.0228571 0.0362611
25 0.530857 0.426269 0.0217143 0.0370669
25 0.168 0.521354 0.0228571 0.0370669
15 0.227429 0.742143 0.0114286 0.0354553
19 0.654857 0.710717 0.0228571 0.0370669
15 0.558857 0.741741 0.0114286 0.0346495
15 0.155429 0.77357 0.0114286 0.0354553
15 0.555429 0.710314 0.0114286 0.0362611
15 0.670857 0.837228 0.0114286 0.0354553
15 0.333143 0.142627 0.0125714 0.0354553
15 0.612 0.679694 0.0125714 0.0362611
15 0.123429 0.679291 0.0114286 0.0354553
15 0.736571 0.741741 0.0125714 0.0362611
15 0.338286 0.647462 0.0114286 0.0362611
15 0.827429 0.300161 0.0114286 0.0346495
15 0.222857 0.458098 0.0114286 0.0346495
15 0.410286 0.394843 0.0114286 0.0354553
15 0.908 0.300564 0.0125714 0.0354553
15 0.697143 0.741741 0.0114286 0.0362611
15 0.667429 0.805802 0.0114286 0.0354553
15 0.388 0.741741 0.0125714 0.0346495
15 0.601714 0.33199 0.0125714 0.0354553
15 0.162286 0.900081 0.0114286 0.0354553
15 0.448 0.521354 0.0114286 0.0354553
15 0.908 0.678888 0.0125714 0.0362611
15 0.320571 0.39444 0.0102857 0.0346495
15 0.309143 0.36382 0.0125714 0.0362611
15 0.283429 0.837228 0.0114286 0.0354553
15 0.794286 0.647865 0.0114286 0.0354553
15 0.856571 0.300161 0.0125714 0.0346495
15 0.836 0.458501 0.0125714 0.0354553
15 0.849143 0.583803 0.0114286 0.0346495
15 0.233714 0.837228 0.0125714 0.0354553
15 0.128571 0.300161 0.0125714 0.0362611
15 0.469714 0.205077 0.0114286 0.0346495
15 0.765143 0.647865 0.0125714 0.0354553
15 0.438857 0.174053 0.0114286 0.0354553
15 0.536 0.521354 0.0114286 0.0354553
15 0.657143 0.110798 0.0114286 0.0362611
15 0.908 0.521354 0.0125714 0.0354553
15 0.24 0.647462 0.0114286 0.0362611
15 0.554857 0.647865 0.0102857 0.0354553
15 0.834286 0.489927 0.0114286 0.0354553
15 0.0897143 0.269138 0.0102857 0.0354553
15 0.908 0.615633 0.0125714 0.0370669
15 0.773714 0.931104 0.0114286 0.0346495
15 0.0988571 0.394843 0.0125714 0.0354553
15 0.534286 0.710314 0.0125714 0.0362611
15 0.559429 0.837228 0.0102857 0.0338437
15 0.452 0.426672 0.0125714 0.0362611
15 0.849143 0.741741 0.0114286 0.0346495
15 0.261143 0.300564 0.0125714 0.0370669
15 0.424 0.710314 0.0114286 0.0346495
15 0.629714 0.837228 0.0114286 0.0354553
15 0.154857 0.931104 0.0125714 0.0346495
15 0.791429 0.931104 0.0125714 0.0346495
15 0.34 0.174053 0.0125714 0.0354553
15 0.480571 0.300564 0.0125714 0.0354553
15 0.856 0.394843 0.0114286 0.0354553
15 0.267429 0.489927 0.0114286 0.0354553
15 0.765714 0.679291 0.0114286 0.0354553
15 0.297714 0.332393 0.0125714 0.0362611
15 0.334857 0.836825 0.0114286 0.0346495
15 0.792 0.174053 0.0114286 0.0354553
15 0.74 0.363417 0.0125714 0.0354553
15 0.773143 0.269138 0.0125714 0.0354553
15 0.84 0.236906 0.0114286 0.0354553
15 0.566857 0.363014 0.0114286 0.0346495
15 0.730857 0.521354 0.0125714 0.0354553
15 0.406286 0.269138 0.0125714 0.0354553
15 0.292571 0.520951 0.0114286 0.0362611
15 0.402857 0.142627 0.0125714 0.0354553
15 0.52 0.110798 0.0114286 0.0346495
15 0.638857 0.236906 0.0114286 0.0354553
15 0.218286 0.55278 0.0114286 0.0354553
15 0.172571 0.930701 0.0114286 0.0338437
15 0.385143 0.930701 0.0114286 0.0338437
15 0.590286 0.110798 0.0125714 0.0362611
15 0.681714 0.583803 0.0125714 0.0362611
15 0.212 0.174456 0.0125714 0.0362611
15 0.833714 0.269138 0.0125714 0.0354553
15 0.458286 0.679291 0.0114286 0.0354553
15 0.74 0.489927 0.0125714 0.0354553
15 0.714286 0.931104 0.0114286 0.0330379
15 0.148 0.804996 0.0102857 0.0354553
15 0.712 0.331587 0.0114286 0.0346495
15 0.294857 0.0797744 0.0114286 0.0354553
15 0.641714 0.679694 0.0125714 0.0362611
15 0.692571 0.616035 0.0114286 0.0362611
15 0.717714 0.110798 0.0114286 0.0346495
15 0.584 0.458098 0.0114286 0.0362611
15 0.327429 0.615633 0.0125714 0.0370669
15 0.298857 0.236906 0.0148571 0.0370669
15 0.856 0.805399 0.0114286 0.0362611
15 0.193143 0.836825 0.0114286 0.0346495
15 0.196 0.394843 0.0125714 0.0354553
15 0.163429 0.300161 0.0137143 0.0362611
15 0.574286 0.236906 0.0125714 0.0354553
15 0.150286 0.14303 0.0125714 0.0362611
15 0.498286 0.741741 0.0114286 0.0362611
15 0.612 0.174053 0.0125714 0.0354553
15 0.210857 0.142627 0.0125714 0.0354553
15 0.274286 0.458501 0.0114286 0.0354553
15 0.208 0.868654 0.0114286 0.0354553
15 0.664571 0.205479 0.0125714 0.0354553
15 0.638857 0.458098 0.0114286 0.0362611
15 0.669143 0.710314 0.0125714 0.0362611
15 0.763429 0.142627 0.0114286 0.0354553
15 0.257714 0.742143 0.0125714 0.0354553
15 0.421143 0.174053 0.0125714 0.0354553
15 0.753714 0.205077 0.0125714 0.0346495
15 0.688 0.363417 0.0114286 0.0354553
15 0.762286 0.868251 0.0114286 0.0346495
15 0.385143 0.900081 0.0114286 0.0354553
15 0.356 0.584609 0.0125714 0.0362611
15 0.701143 0.521354 0.0125714 0.0354553
15 0.628 0.110798 0.0125714 0.0362611
15 0.551429 0.77357 0.0125714 0.0354553
15 0.709143 0.55278 0.0125714 0.0354553
15 0.484 0.804996 0.0125714 0.0354553
15 0.649714 0.868654 0.0125714 0.0354553
15 0.0897143 0.742143 0.0102857 0.0354553
15 0.0897143 0.300161 0.0125714 0.0362611
15 0.462286 0.142627 0.0125714 0.0370669
15 0.593143 0.615633 0.0114286 0.0354553
15 0.706286 0.0797744 0.0114286 0.0338437
15 0.0897143 0.710717 0.0102857 0.0354553
15 0.277143 0.236906 0.0148571 0.0370669
15 0.180571 0.0797744 0.0114286 0.0354553
15 0.52 0.900081 0.0114286 0.0354553
15 0.538857 0.615633 0.0125714 0.0370669
15 0.853714 0.205077 0.0114286 0.0362611
15 0.369714 0.552377 0.0125714 0.0362611
15 0.461143 0.33199 0.0125714 0.0354553
15 0.362857 0.489927 0.0125714 0.0354553
15 0.408 0.0797744 0.0114286 0.0338437
19 0.766286 0.332393 0.0217143 0.0362611
15 0.697714 0.805399 0.0125714 0.0362611
15 0.512571 0.804996 0.0125714 0.0354553
15 0.759429 0.110798 0.0125714 0.0362611
15 0.421714 0.930701 0.0114286 0.0322321
15 0.544571 0.804996 0.0125714 0.0354553
15 0.0897143 0.205077 0.0102857 0.0330379
15 0.133714 0.930298 0.0137143 0.0346495
15 0.488 0.426269 0.0137143 0.0370669
15 0.571429 0.584206 0.0114286 0.0370669
15 0.532 0.174053 0.0125714 0.0354553
15 0.0994286 0.489927 0.0137143 0.0370669
15 0.577714 0.804996 0.0125714 0.0354553
15 0.343429 0.77357 0.0148571 0.0354553
15 0.276571 0.489525 0.0114286 0.0362611
15 0.647429 0.930298 0.0102857 0.0330379
15 0.126286 0.929895 0.0102857 0.0338437
15 0.245714 0.520951 0.0114286 0.0362611
15 0.104571 0.394843 0.0171429 0.0354553
25 0.551429 0.426269 0.0262857 0.0370669
15 0.226857 0.426672 0.0171429 0.0362611
19 0.269143 0.205077 0.0308571 0.0346495
15 0.834286 0.930701 0.016 0.0338437
