3 0.202286 0.268735 0.0228571 0.0346495
3 0.534857 0.741741 0.0251429 0.0362611
7 0.496571 0.0801773 0.0194286 0.0346495
12 0.777714 0.584206 0.0262857 0.0370669
7 0.741143 0.0801773 0.0194286 0.0346495
3 0.716571 0.520951 0.0251429 0.0362611
3 0.494857 0.300161 0.0251429 0.0362611
7 0.337143 0.55278 0.0205714 0.0370669
12 0.481143 0.710717 0.0251429 0.0370669
19 0.131429 0.837228 0.0228571 0.0354553
12 0.432571 0.741741 0.0262857 0.0378727
12 0.858857 0.648268 0.0262857 0.0362611
7 0.539429 0.0797744 0.0205714 0.0354553
7 0.203429 0.584206 0.0205714 0.0370669
12 0.780571 0.741741 0.0274286 0.0378727
3 0.705143 0.867849 0.0251429 0.0354553
3 0.140571 0.363014 0.0251429 0.0362611
3 0.195429 0.678888 0.0251429 0.0362611
12 0.161143 0.710717 0.0251429 0.0370669
19 0.370286 0.583803 0.0228571 0.0362611
12 0.480571 0.616035 0.0262857 0.0362611
12 0.601143 0.300967 0.0251429 0.0362611
3 0.313143 0.489525 0.0251429 0.0362611
19 0.399429 0.930701 0.0217143 0.0338437
12 0.634286 0.647865 0.0251429 0.0370669
19 0.284 0.205077 0.024 0.0362611
7 0.726286 0.584609 0.0217143 0.0362611
12 0.303429 0.616438 0.0262857 0.0370669
19 0.647429 0.521354 0.024 0.0370669
12 0.394857 0.616035 0.0262857 0.0362611
12 0.841143 0.71112 0.0251429 0.0362611
12 0.146857 0.521757 0.0262857 0.0362611
12 0.652571 0.742546 0.0251429 0.0362611
3 0.716571 0.836825 0.0251429 0.0362611
3 0.857143 0.268332 0.0251429 0.0354553
19 0.472571 0.679291 0.0217143 0.0370669
12 0.726286 0.174053 0.0262857 0.0370669
3 0.732571 0.678888 0.0251429 0.0362611
19 0.139429 0.395649 0.0228571 0.0370669
12 0.719429 0.426672 0.0262857 0.0362611
12 0.188 0.930701 0.024 0.0338437
3 0.302857 0.678888 0.0251429 0.0362611
12 0.820571 0.521354 0.0251429 0.0370669
3 0.299429 0.174053 0.0251429 0.0354553
12 0.649714 0.174053 0.024 0.0354553
12 0.291429 0.49033 0.0251429 0.0362611
7 0.573714 0.55278 0.0205714 0.0370669
3 0.353714 0.300161 0.024 0.0346495
3 0.281143 0.710314 0.0251429 0.0362611
19 0.148571 0.49033 0.0228571 0.0362611
12 0.264 0.647462 0.0251429 0.0362611
3 0.235429 0.583803 0.0251429 0.0362611
7 0.692 0.931104 0.0194286 0.0330379
7 0.296571 0.837631 0.0194286 0.0362611
12 0.730857 0.300967 0.0262857 0.0362611
19 0.882857 0.584206 0.0217143 0.0354553
7 0.476 0.930701 0.0194286 0.0338437
19 0.260571 0.615633 0.0228571 0.0370669
7 0.580571 0.0797744 0.0205714 0.0354553
7 0.804 0.616035 0.0217143 0.0362611
3 0.220571 0.300161 0.0251429 0.0362611
12 0.392571 0.332393 0.0262857 0.0378727
3 0.536 0.458098 0.0251429 0.0362611
19 0.541714 0.236906 0.0228571 0.0354553
12 0.297143 0.458501 0.0251429 0.0370669
3 0.462857 0.520951 0.0251429 0.0362611
7 0.785143 0.205882 0.0205714 0.0362611
3 0.193143 0.204271 0.0228571 0.0330379
3 0.476 0.331185 0.024 0.0354553
12 0.706286 0.584609 0.0251429 0.0362611
7 0.513143 0.426672 0.0205714 0.0378727
7 0.890286 0.395246 0.0205714 0.0362611
3 0.903429 0.172844 0.024 0.0346495
3 0.204 0.33199 0.0262857 0.0370669
19 0.372571 0.237309 0.0228571 0.0362611
19 0.16 0.837228 0.0228571 0.0354553
7 0.572571 0.837631 0.0205714 0.0362611
12 0.396571 0.710314 0.0251429 0.0362611
7 0.657143 0.394843 0.0205714 0.0354553
19 0.822286 0.615633 0.024 0.0370669
12 0.794857 0.77357 0.024 0.0354553
12 0.448 0.458904 0.0251429 0.0362611
19 0.736 0.868654 0.0228571 0.0354553
19 0.208571 0.930701 0.0217143 0.0338437
7 0.819429 0.14303 0.0205714 0.0362611
3 0.645714 0.331185 0.0228571 0.0338437
3 0.779429 0.647462 0.0251429 0.0362611
12 0.290286 0.584609 0.0251429 0.0362611
19 0.421714 0.55278 0.0228571 0.0370669
3 0.205714 0.520951 0.0251429 0.0362611
12 0.570857 0.300564 0.0262857 0.0370669
19 0.495429 0.332393 0.0217143 0.0362611
12 0.469714 0.49033 0.0251429 0.0362611
7 0.549714 0.521757 0.0205714 0.0362611
19 0.584 0.489927 0.0228571 0.0354553
19 0.882857 0.742143 0.0217143 0.0354553
3 0.797143 0.236503 0.024 0.0362611
7 0.702286 0.647865 0.0217143 0.0370669
7 0.749714 0.300967 0.0205714 0.0362611
3 0.864 0.583803 0.0251429 0.0362611
7 0.485714 0.837631 0.0205714 0.0362611
19 0.129143 0.71112 0.0228571 0.0362611
3 0.653714 0.458098 0.0251429 0.0362611
7 0.730286 0.615633 0.0205714 0.0370669
3 0.369714 0.804593 0.024 0.0362611
3 0.178286 0.458098 0.0251429 0.0362611
7 0.904 0.836825 0.0205714 0.0346495
3 0.902857 0.489525 0.0251429 0.0362611
3 0.759429 0.804593 0.024 0.0362611
12 0.332571 0.300564 0.0251429 0.0354553
19 0.829143 0.869057 0.024 0.0362611
7 0.196571 0.647462 0.0205714 0.0362611
12 0.178857 0.49033 0.0262857 0.0362611
19 0.677714 0.205479 0.0228571 0.0370669
3 0.230286 0.204271 0.024 0.0330379
7 0.507429 0.14303 0.0205714 0.0362611
19 0.718286 0.237309 0.024 0.0362611
7 0.198286 0.174053 0.0194286 0.0370669
12 0.452 0.0797744 0.024 0.0338437
7 0.835429 0.837631 0.0205714 0.0362611
7 0.748571 0.332393 0.0205714 0.0362611
12 0.792571 0.0797744 0.024 0.0354553
7 0.818286 0.33199 0.0205714 0.0354553
7 0.746286 0.174859 0.0205714 0.0370669
7 0.452571 0.174053 0.0205714 0.0370669
7 0.562857 0.0797744 0.0194286 0.0354553
12 0.171429 0.204674 0.0251429 0.0338437
3 0.666286 0.61523 0.0251429 0.0362611
3 0.903429 0.458098 0.024 0.0362611
12 0.548 0.205882 0.0262857 0.0362611
7 0.257714 0.521354 0.0194286 0.0370669
3 0.5 0.363014 0.024 0.0362611
7 0.243429 0.615633 0.0205714 0.0370669
7 0.695429 0.142224 0.0194286 0.0346495
3 0.453714 0.741741 0.0251429 0.0362611
19 0.637143 0.363417 0.0217143 0.0370669
3 0.514286 0.331587 0.0251429 0.0362611
19 0.904 0.900483 0.0228571 0.0362611
7 0.501714 0.205882 0.0205714 0.0362611
19 0.370286 0.14303 0.0228571 0.0362611
3 0.903429 0.741741 0.024 0.0362611
3 0.170286 0.552377 0.0251429 0.0362611
7 0.605714 0.869057 0.0205714 0.0362611
7 0.825143 0.679291 0.0205714 0.0354553
3 0.242286 0.331587 0.0251429 0.0362611
7 0.176 0.14303 0.0205714 0.0362611
19 0.739429 0.805399 0.0228571 0.0362611
3 0.862857 0.710314 0.0251429 0.0362611
19 0.684571 0.679291 0.0228571 0.0370669
12 0.547429 0.14303 0.0251429 0.0362611
19 0.72 0.647865 0.0228571 0.0370669
3 0.321143 0.741741 0.0251429 0.0362611
7 0.629714 0.521354 0.0205714 0.0370669
7 0.271429 0.86946 0.0217143 0.0370669
7 0.373714 0.647462 0.0205714 0.0362611
3 0.825143 0.2361 0.0251429 0.0354553
12 0.816571 0.837228 0.024 0.0354553
3 0.573714 0.741741 0.0251429 0.0362611
3 0.864 0.741741 0.0251429 0.0362611
12 0.534857 0.300967 0.0251429 0.0362611
7 0.408 0.300564 0.0205714 0.0354553
19 0.250857 0.553183 0.0217143 0.0362611
12 0.654857 0.837228 0.0251429 0.0370669
19 0.696571 0.836825 0.0217143 0.0362611
7 0.284571 0.647865 0.0205714 0.0354553
7 0.593143 0.742143 0.0205714 0.0354553
3 0.902857 0.583803 0.0251429 0.0362611
7 0.658857 0.647865 0.0217143 0.0354553
12 0.683429 0.110798 0.0251429 0.0362611
12 0.533714 0.584609 0.0251429 0.0362611
12 0.574286 0.868654 0.024 0.0354553
7 0.449143 0.805802 0.0205714 0.0370669
7 0.814857 0.77357 0.0205714 0.0354553
19 0.104571 0.0801773 0.0217143 0.0362611
3 0.592 0.804996 0.0251429 0.0370669
12 0.865143 0.837228 0.0251429 0.0370669
12 0.750286 0.900081 0.0262857 0.0370669
3 0.512571 0.2361 0.024 0.0354553
19 0.468571 0.236906 0.0228571 0.0370669
12 0.272571 0.33199 0.0262857 0.0370669
7 0.186286 0.805802 0.0205714 0.0370669
7 0.182857 0.426672 0.0205714 0.0362611
12 0.0954286 0.900483 0.024 0.0362611
12 0.766857 0.236906 0.0251429 0.0370669
12 0.529143 0.804996 0.0251429 0.0370669
7 0.668571 0.174859 0.0205714 0.0370669
19 0.784 0.427075 0.0228571 0.0370669
7 0.802286 0.36382 0.0205714 0.0362611
7 0.726286 0.36382 0.0217143 0.0362611
3 0.330857 0.458098 0.024 0.0362611
7 0.0937143 0.521354 0.0205714 0.0354553
7 0.340571 0.679291 0.0205714 0.0354553
7 0.532 0.931104 0.0194286 0.0330379
7 0.329714 0.710717 0.0194286 0.0354553
3 0.392 0.236503 0.0251429 0.0362611
12 0.174857 0.110798 0.0251429 0.0362611
7 0.32 0.868654 0.0205714 0.0370669
3 0.774286 0.773167 0.024 0.0362611
12 0.353714 0.332393 0.0262857 0.0362611
12 0.881714 0.17365 0.024 0.0346495
12 0.758857 0.836825 0.0251429 0.0362611
7 0.159429 0.647462 0.0217143 0.0362611
12 0.590286 0.900081 0.0262857 0.0370669
7 0.625143 0.710717 0.0205714 0.0354553
7 0.829143 0.0801773 0.0194286 0.0362611
12 0.842857 0.773973 0.0262857 0.0362611
19 0.185714 0.521757 0.0217143 0.0362611
3 0.733143 0.110798 0.024 0.0362611
7 0.566857 0.14303 0.0205714 0.0362611
7 0.842286 0.805802 0.0205714 0.0370669
12 0.0954286 0.458904 0.024 0.0362611
19 0.52 0.71112 0.0228571 0.0362611
12 0.114286 0.332393 0.0251429 0.0362611
19 0.289143 0.868654 0.0228571 0.0370669
7 0.357143 0.77357 0.0194286 0.0354553
7 0.885143 0.647865 0.0217143 0.0354553
7 0.224 0.332393 0.0205714 0.0362611
7 0.566857 0.205882 0.0205714 0.0362611
3 0.708571 0.773167 0.0251429 0.0362611
7 0.417143 0.679291 0.0205714 0.0354553
7 0.478286 0.900081 0.0194286 0.0354553
7 0.121143 0.395246 0.0205714 0.0362611
12 0.449714 0.900483 0.024 0.0362611
7 0.234857 0.804996 0.0194286 0.0354553
12 0.901143 0.869057 0.024 0.0362611
7 0.7 0.236906 0.0194286 0.0354553
7 0.809714 0.869057 0.0217143 0.0362611
12 0.8 0.900483 0.0251429 0.0362611
7 0.665143 0.332393 0.0205714 0.0346495
12 0.278857 0.363417 0.0251429 0.0370669
7 0.102286 0.300161 0.0194286 0.0362611
3 0.179429 0.17365 0.0251429 0.0362611
19 0.301714 0.742143 0.0228571 0.0354553
12 0.334857 0.236906 0.0274286 0.0370669
7 0.0937143 0.174053 0.0205714 0.0354553
19 0.256571 0.679291 0.024 0.0370669
7 0.310857 0.584206 0.0205714 0.0354553
19 0.126857 0.742546 0.0228571 0.0362611
7 0.510857 0.647865 0.0205714 0.0354553
7 0.489143 0.269138 0.0205714 0.0354553
7 0.212 0.204674 0.0194286 0.0338437
7 0.365714 0.71112 0.0205714 0.0346495
7 0.598857 0.679291 0.0205714 0.0370669
12 0.14 0.110798 0.024 0.0362611
7 0.301143 0.142627 0.0194286 0.0354553
7 0.567429 0.647865 0.0194286 0.0354553
7 0.477714 0.55278 0.0205714 0.0354553
12 0.799429 0.14303 0.024 0.0362611
19 0.661714 0.77357 0.0228571 0.0370669
7 0.354857 0.236906 0.0217143 0.0354553
7 0.310857 0.33199 0.0205714 0.0354553
7 0.904 0.332393 0.0205714 0.0362611
7 0.876 0.521354 0.0194286 0.0338437
12 0.652 0.805802 0.024 0.0370669
7 0.144 0.33199 0.0205714 0.0354553
7 0.133714 0.773973 0.0205714 0.0346495
7 0.212 0.0801773 0.0194286 0.0346495
12 0.901714 0.804996 0.0251429 0.0370669
7 0.167429 0.584206 0.0194286 0.0354553
19 0.801143 0.269541 0.0228571 0.0362611
7 0.277714 0.900483 0.0205714 0.0346495
12 0.135429 0.458904 0.024 0.0362611
12 0.551429 0.269138 0.024 0.0354553
7 0.322286 0.363417 0.0205714 0.0354553
19 0.654857 0.710717 0.0228571 0.0370669
12 0.788571 0.458904 0.0251429 0.0362611
12 0.229143 0.71112 0.024 0.0362611
7 0.112 0.710717 0.0205714 0.0354553
12 0.876 0.110798 0.024 0.0362611
12 0.621714 0.773973 0.0251429 0.0362611
12 0.417714 0.489927 0.024 0.0354553
12 0.42 0.805802 0.024 0.0370669
12 0.621714 0.742546 0.0251429 0.0362611
19 0.766286 0.332393 0.0217143 0.0362611
12 0.334857 0.426269 0.0228571 0.0354553
19 0.269143 0.205077 0.0308571 0.0346495
7 0.767429 0.300564 0.0354286 0.0370669
