0 0.578857 0.678888 0.0262857 0.0362611
0 0.748571 0.710314 0.0251429 0.0362611
0 0.390857 0.268735 0.0251429 0.0362611
0 0.809143 0.489927 0.0251429 0.0370669
0 0.630286 0.205077 0.0262857 0.0362611
7 0.496571 0.0801773 0.0194286 0.0346495
7 0.741143 0.0801773 0.0194286 0.0346495
0 0.166286 0.0797744 0.024 0.0354553
0 0.162857 0.331587 0.0262857 0.0362611
0 0.468 0.804593 0.024 0.0362611
0 0.343429 0.930701 0.024 0.0338437
0 0.512571 0.930701 0.024 0.0338437
7 0.337143 0.55278 0.0205714 0.0370669
0 0.498286 0.900483 0.0251429 0.0362611
0 0.396 0.205077 0.0262857 0.0362611
0 0.588 0.268735 0.0262857 0.0362611
0 0.802286 0.394843 0.0251429 0.0370669
0 0.901143 0.55278 0.0262857 0.0370669
7 0.539429 0.0797744 0.0205714 0.0354553
7 0.203429 0.584206 0.0205714 0.0370669
0 0.465143 0.268735 0.0251429 0.0362611
0 0.235429 0.174053 0.0251429 0.0370669
0 0.231429 0.0797744 0.024 0.0354553
0 0.545143 0.552377 0.0251429 0.0362611
0 0.653143 0.268735 0.024 0.0362611
0 0.587429 0.584206 0.0251429 0.0370669
0 0.901714 0.269138 0.0251429 0.0370669
0 0.552 0.425866 0.0251429 0.0362611
7 0.726286 0.584609 0.0217143 0.0362611
0 0.341714 0.363014 0.0251429 0.0362611
0 0.749143 0.615633 0.0262857 0.0370669
0 0.134286 0.647462 0.024 0.0362611
0 0.891429 0.678888 0.0251429 0.0362611
0 0.586857 0.647462 0.024 0.0362611
0 0.604 0.930701 0.024 0.0338437
0 0.122286 0.868654 0.0251429 0.0370669
0 0.682857 0.300161 0.0262857 0.0362611
0 0.568571 0.521354 0.0262857 0.0370669
0 0.134286 0.584206 0.0262857 0.0370669
0 0.353714 0.647462 0.024 0.0362611
7 0.573714 0.55278 0.0205714 0.0370669
0 0.403429 0.584206 0.0251429 0.0370669
7 0.692 0.931104 0.0194286 0.0330379
7 0.296571 0.837631 0.0194286 0.0362611
7 0.476 0.930701 0.0194286 0.0338437
7 0.580571 0.0797744 0.0205714 0.0354553
7 0.804 0.616035 0.0217143 0.0362611
0 0.277714 0.521354 0.0251429 0.0370669
7 0.785143 0.205882 0.0205714 0.0362611
0 0.402286 0.900081 0.0251429 0.0370669
7 0.513143 0.426672 0.0205714 0.0378727
0 0.514286 0.458098 0.0251429 0.0362611
7 0.890286 0.395246 0.0205714 0.0362611
0 0.214857 0.804996 0.0251429 0.0354553
0 0.394286 0.521354 0.0251429 0.0370669
7 0.572571 0.837631 0.0205714 0.0362611
7 0.657143 0.394843 0.0205714 0.0354553
0 0.646286 0.900081 0.024 0.0370669
0 0.303429 0.268332 0.024 0.0354553
7 0.819429 0.14303 0.0205714 0.0362611
0 0.376571 0.773167 0.024 0.0362611
7 0.549714 0.521757 0.0205714 0.0362611
7 0.702286 0.647865 0.0217143 0.0370669
7 0.749714 0.300967 0.0205714 0.0362611
0 0.892571 0.615633 0.0251429 0.0370669
7 0.485714 0.837631 0.0205714 0.0362611
7 0.730286 0.615633 0.0205714 0.0370669
7 0.904 0.836825 0.0205714 0.0346495
0 0.278286 0.930298 0.024 0.0330379
0 0.848571 0.0793715 0.024 0.0346495
0 0.433714 0.868251 0.024 0.0362611
7 0.196571 0.647462 0.0205714 0.0362611
7 0.507429 0.14303 0.0205714 0.0362611
7 0.198286 0.174053 0.0194286 0.0370669
7 0.835429 0.837631 0.0205714 0.0362611
0 0.204571 0.363014 0.0251429 0.0362611
7 0.748571 0.332393 0.0205714 0.0362611
7 0.818286 0.33199 0.0205714 0.0354553
7 0.746286 0.174859 0.0205714 0.0370669
7 0.452571 0.174053 0.0205714 0.0370669
7 0.562857 0.0797744 0.0194286 0.0354553
7 0.257714 0.521354 0.0194286 0.0370669
0 0.559429 0.17365 0.024 0.0346495
0 0.688571 0.174053 0.0262857 0.0370669
0 0.159429 0.17365 0.024 0.0346495
7 0.243429 0.615633 0.0205714 0.0370669
7 0.695429 0.142224 0.0194286 0.0346495
7 0.501714 0.205882 0.0205714 0.0362611
7 0.605714 0.869057 0.0205714 0.0362611
7 0.825143 0.679291 0.0205714 0.0354553
7 0.176 0.14303 0.0205714 0.0362611
7 0.629714 0.521354 0.0205714 0.0370669
7 0.271429 0.86946 0.0217143 0.0370669
7 0.373714 0.647462 0.0205714 0.0362611
7 0.408 0.300564 0.0205714 0.0354553
7 0.284571 0.647865 0.0205714 0.0354553
7 0.593143 0.742143 0.0205714 0.0354553
7 0.658857 0.647865 0.0217143 0.0354553
7 0.449143 0.805802 0.0205714 0.0370669
7 0.814857 0.77357 0.0205714 0.0354553
0 0.882286 0.458098 0.0251429 0.0362611
7 0.186286 0.805802 0.0205714 0.0370669
7 0.182857 0.426672 0.0205714 0.0362611
7 0.668571 0.174859 0.0205714 0.0370669
7 0.802286 0.36382 0.0205714 0.0362611
7 0.726286 0.36382 0.0217143 0.0362611
7 0.0937143 0.521354 0.0205714 0.0354553
7 0.340571 0.679291 0.0205714 0.0354553
7 0.532 0.931104 0.0194286 0.0330379
7 0.329714 0.710717 0.0194286 0.0354553
7 0.32 0.868654 0.0205714 0.0370669
7 0.159429 0.647462 0.0217143 0.0362611
7 0.625143 0.710717 0.0205714 0.0354553
7 0.829143 0.0801773 0.0194286 0.0362611
7 0.566857 0.14303 0.0205714 0.0362611
7 0.842286 0.805802 0.0205714 0.0370669
7 0.357143 0.77357 0.0194286 0.0354553
7 0.885143 0.647865 0.0217143 0.0354553
7 0.224 0.332393 0.0205714 0.0362611
7 0.566857 0.205882 0.0205714 0.0362611
7 0.417143 0.679291 0.0205714 0.0354553
7 0.478286 0.900081 0.0194286 0.0354553
7 0.121143 0.395246 0.0205714 0.0362611
7 0.234857 0.804996 0.0194286 0.0354553
7 0.7 0.236906 0.0194286 0.0354553
7 0.809714 0.869057 0.0217143 0.0362611
7 0.665143 0.332393 0.0205714 0.0346495
7 0.102286 0.300161 0.0194286 0.0362611
7 0.0937143 0.174053 0.0205714 0.0354553
7 0.310857 0.584206 0.0205714 0.0354553
7 0.510857 0.647865 0.0205714 0.0354553
7 0.489143 0.269138 0.0205714 0.0354553
7 0.212 0.204674 0.0194286 0.0338437
7 0.365714 0.71112 0.0205714 0.0346495
7 0.598857 0.679291 0.0205714 0.0370669
7 0.301143 0.142627 0.0194286 0.0354553
7 0.567429 0.647865 0.0194286 0.0354553
7 0.477714 0.55278 0.0205714 0.0354553
7 0.354857 0.236906 0.0217143 0.0354553
7 0.310857 0.33199 0.0205714 0.0354553
7 0.904 0.332393 0.0205714 0.0362611
7 0.876 0.521354 0.0194286 0.0338437
7 0.144 0.33199 0.0205714 0.0354553
7 0.133714 0.773973 0.0205714 0.0346495
7 0.212 0.0801773 0.0194286 0.0346495
7 0.167429 0.584206 0.0194286 0.0354553
7 0.277714 0.900483 0.0205714 0.0346495
7 0.322286 0.363417 0.0205714 0.0354553
15 0.227429 0.742143 0.0114286 0.0354553
15 0.558857 0.741741 0.0114286 0.0346495
15 0.155429 0.77357 0.0114286 0.0354553
15 0.555429 0.710314 0.0114286 0.0362611
15 0.670857 0.837228 0.0114286 0.0354553
15 0.333143 0.142627 0.0125714 0.0354553
15 0.612 0.679694 0.0125714 0.0362611
15 0.123429 0.679291 0.0114286 0.0354553
15 0.736571 0.741741 0.0125714 0.0362611
15 0.338286 0.647462 0.0114286 0.0362611
15 0.827429 0.300161 0.0114286 0.0346495
15 0.222857 0.458098 0.0114286 0.0346495
15 0.410286 0.394843 0.0114286 0.0354553
7 0.112 0.710717 0.0205714 0.0354553
15 0.908 0.300564 0.0125714 0.0354553
15 0.697143 0.741741 0.0114286 0.0362611
15 0.667429 0.805802 0.0114286 0.0354553
15 0.388 0.741741 0.0125714 0.0346495
15 0.601714 0.33199 0.0125714 0.0354553
15 0.162286 0.900081 0.0114286 0.0354553
15 0.448 0.521354 0.0114286 0.0354553
15 0.908 0.678888 0.0125714 0.0362611
15 0.320571 0.39444 0.0102857 0.0346495
15 0.309143 0.36382 0.0125714 0.0362611
15 0.283429 0.837228 0.0114286 0.0354553
15 0.794286 0.647865 0.0114286 0.0354553
15 0.856571 0.300161 0.0125714 0.0346495
15 0.836 0.458501 0.0125714 0.0354553
15 0.849143 0.583803 0.0114286 0.0346495
15 0.233714 0.837228 0.0125714 0.0354553
15 0.128571 0.300161 0.0125714 0.0362611
15 0.469714 0.205077 0.0114286 0.0346495
15 0.765143 0.647865 0.0125714 0.0354553
15 0.438857 0.174053 0.0114286 0.0354553
15 0.536 0.521354 0.0114286 0.0354553
15 0.657143 0.110798 0.0114286 0.0362611
15 0.908 0.521354 0.0125714 0.0354553
15 0.24 0.647462 0.0114286 0.0362611
15 0.554857 0.647865 0.0102857 0.0354553
15 0.834286 0.489927 0.0114286 0.0354553
15 0.0897143 0.269138 0.0102857 0.0354553
15 0.908 0.615633 0.0125714 0.0370669
15 0.773714 0.931104 0.0114286 0.0346495
15 0.0988571 0.394843 0.0125714 0.0354553
15 0.534286 0.710314 0.0125714 0.0362611
15 0.559429 0.837228 0.0102857 0.0338437
15 0.452 0.426672 0.0125714 0.0362611
15 0.849143 0.741741 0.0114286 0.0346495
15 0.261143 0.300564 0.0125714 0.0370669
15 0.424 0.710314 0.0114286 0.0346495
15 0.629714 0.837228 0.0114286 0.0354553
15 0.154857 0.931104 0.0125714 0.0346495
15 0.791429 0.931104 0.0125714 0.0346495
15 0.34 0.174053 0.0125714 0.0354553
15 0.480571 0.300564 0.0125714 0.0354553
15 0.856 0.394843 0.0114286 0.0354553
15 0.267429 0.489927 0.0114286 0.0354553
15 0.765714 0.679291 0.0114286 0.0354553
15 0.297714 0.332393 0.0125714 0.0362611
15 0.334857 0.836825 0.0114286 0.0346495
15 0.792 0.174053 0.0114286 0.0354553
15 0.74 0.363417 0.0125714 0.0354553
15 0.773143 0.269138 0.0125714 0.0354553
15 0.84 0.236906 0.0114286 0.0354553
15 0.566857 0.363014 0.0114286 0.0346495
15 0.730857 0.521354 0.0125714 0.0354553
15 0.406286 0.269138 0.0125714 0.0354553
15 0.292571 0.520951 0.0114286 0.0362611
15 0.402857 0.142627 0.0125714 0.0354553
15 0.52 0.110798 0.0114286 0.0346495
15 0.638857 0.236906 0.0114286 0.0354553
15 0.218286 0.55278 0.0114286 0.0354553
15 0.172571 0.930701 0.0114286 0.0338437
15 0.385143 0.930701 0.0114286 0.0338437
15 0.590286 0.110798 0.0125714 0.0362611
15 0.681714 0.583803 0.0125714 0.0362611
15 0.212 0.174456 0.0125714 0.0362611
15 0.833714 0.269138 0.0125714 0.0354553
15 0.458286 0.679291 0.0114286 0.0354553
15 0.74 0.489927 0.0125714 0.0354553
15 0.714286 0.931104 0.0114286 0.0330379
15 0.148 0.804996 0.0102857 0.0354553
15 0.712 0.331587 0.0114286 0.0346495
15 0.294857 0.0797744 0.0114286 0.0354553
15 0.641714 0.679694 0.0125714 0.0362611
15 0.692571 0.616035 0.0114286 0.0362611
15 0.717714 0.110798 0.0114286 0.0346495
15 0.584 0.458098 0.0114286 0.0362611
15 0.327429 0.615633 0.0125714 0.0370669
15 0.298857 0.236906 0.0148571 0.0370669
15 0.856 0.805399 0.0114286 0.0362611
15 0.193143 0.836825 0.0114286 0.0346495
15 0.196 0.394843 0.0125714 0.0354553
15 0.163429 0.300161 0.0137143 0.0362611
15 0.574286 0.236906 0.0125714 0.0354553
15 0.150286 0.14303 0.0125714 0.0362611
15 0.498286 0.741741 0.0114286 0.0362611
15 0.612 0.174053 0.0125714 0.0354553
15 0.210857 0.142627 0.0125714 0.0354553
15 0.274286 0.458501 0.0114286 0.0354553
15 0.208 0.868654 0.0114286 0.0354553
15 0.664571 0.205479 0.0125714 0.0354553
15 0.638857 0.458098 0.0114286 0.0362611
15 0.669143 0.710314 0.0125714 0.0362611
15 0.763429 0.142627 0.0114286 0.0354553
15 0.257714 0.742143 0.0125714 0.0354553
15 0.421143 0.174053 0.0125714 0.0354553
15 0.753714 0.205077 0.0125714 0.0346495
15 0.688 0.363417 0.0114286 0.0354553
15 0.762286 0.868251 0.0114286 0.0346495
15 0.385143 0.900081 0.0114286 0.0354553
15 0.356 0.584609 0.0125714 0.0362611
15 0.701143 0.521354 0.0125714 0.0354553
15 0.628 0.110798 0.0125714 0.0362611
15 0.551429 0.77357 0.0125714 0.0354553
15 0.709143 0.55278 0.0125714 0.0354553
15 0.484 0.804996 0.0125714 0.0354553
15 0.649714 0.868654 0.0125714 0.0354553
15 0.0897143 0.742143 0.0102857 0.0354553
15 0.0897143 0.300161 0.0125714 0.0362611
15 0.462286 0.142627 0.0125714 0.0370669
15 0.593143 0.615633 0.0114286 0.0354553
15 0.706286 0.0797744 0.0114286 0.0338437
15 0.0897143 0.710717 0.0102857 0.0354553
15 0.277143 0.236906 0.0148571 0.0370669
15 0.180571 0.0797744 0.0114286 0.0354553
15 0.52 0.900081 0.0114286 0.0354553
15 0.538857 0.615633 0.0125714 0.0370669
15 0.853714 0.205077 0.0114286 0.0362611
15 0.369714 0.552377 0.0125714 0.0362611
15 0.461143 0.33199 0.0125714 0.0354553
15 0.362857 0.489927 0.0125714 0.0354553
15 0.408 0.0797744 0.0114286 0.0338437
15 0.697714 0.805399 0.0125714 0.0362611
15 0.512571 0.804996 0.0125714 0.0354553
15 0.759429 0.110798 0.0125714 0.0362611
15 0.421714 0.930701 0.0114286 0.0322321
15 0.544571 0.804996 0.0125714 0.0354553
15 0.0897143 0.205077 0.0102857 0.0330379
15 0.133714 0.930298 0.0137143 0.0346495
15 0.488 0.426269 0.0137143 0.0370669
15 0.571429 0.584206 0.0114286 0.0370669
15 0.532 0.174053 0.0125714 0.0354553
15 0.0994286 0.489927 0.0137143 0.0370669
15 0.577714 0.804996 0.0125714 0.0354553
15 0.343429 0.77357 0.0148571 0.0354553
15 0.276571 0.489525 0.0114286 0.0362611
15 0.647429 0.930298 0.0102857 0.0330379
15 0.126286 0.929895 0.0102857 0.0338437
15 0.245714 0.520951 0.0114286 0.0362611
15 0.104571 0.394843 0.0171429 0.0354553
15 0.226857 0.426672 0.0171429 0.0362611
15 0.834286 0.930701 0.016 0.0338437
0 0.121714 0.647865 0.0285714 0.0370669
0 0.123429 0.584206 0.0274286 0.0370669
7 0.767429 0.300564 0.0354286 0.0370669
