10 0.128 0.489525 0.0274286 0.0362611
10 0.789714 0.710314 0.0274286 0.0362611
10 0.591429 0.772764 0.0262857 0.0354553
10 0.801143 0.552377 0.0274286 0.0362611
10 0.501714 0.583803 0.0274286 0.0362611
10 0.145143 0.868251 0.0274286 0.0378727
10 0.490286 0.647462 0.0274286 0.0362611
10 0.659429 0.552377 0.0274286 0.0362611
10 0.425714 0.583803 0.0262857 0.0362611
10 0.692571 0.458098 0.0274286 0.0362611
10 0.362286 0.615633 0.0274286 0.0370669
10 0.325714 0.268735 0.0274286 0.0362611
10 0.872 0.489525 0.0274286 0.0362611
10 0.371429 0.741741 0.0274286 0.0362611
10 0.180571 0.268735 0.0274286 0.0346495
10 0.715429 0.710314 0.0274286 0.0362611
10 0.604571 0.489525 0.0274286 0.0362611
10 0.585714 0.331587 0.0262857 0.0362611
10 0.330286 0.204674 0.0274286 0.0354553
10 0.728571 0.331587 0.0262857 0.0362611
10 0.357714 0.17365 0.0274286 0.0362611
10 0.346857 0.0793715 0.0262857 0.0362611
10 0.418286 0.205077 0.0274286 0.0362611
10 0.618286 0.425866 0.0274286 0.0362611
10 0.630857 0.268735 0.0274286 0.0362611
10 0.520571 0.489525 0.0262857 0.0362611
10 0.235429 0.678888 0.0274286 0.0362611
10 0.129143 0.61523 0.0274286 0.0362611
10 0.757143 0.268735 0.0262857 0.0362611
10 0.393143 0.39444 0.0274286 0.0362611
10 0.779429 0.39444 0.0274286 0.0362611
10 0.872571 0.300161 0.0262857 0.0362611
10 0.697714 0.425866 0.0262857 0.0362611
10 0.114286 0.425866 0.0274286 0.0362611
10 0.353143 0.110395 0.0274286 0.0354553
10 0.294857 0.300161 0.0274286 0.0362611
10 0.253714 0.0797744 0.0251429 0.0354553
10 0.536 0.110798 0.0274286 0.0362611
10 0.442857 0.647462 0.0262857 0.0362611
10 0.88 0.868654 0.0274286 0.0354553
10 0.297714 0.899678 0.0262857 0.0362611
10 0.556571 0.39444 0.0274286 0.0362611
10 0.330286 0.110798 0.0274286 0.0362611
10 0.477714 0.868654 0.0274286 0.0370669
10 0.662857 0.930298 0.0251429 0.0330379
10 0.114286 0.142224 0.0274286 0.0362611
10 0.786286 0.489122 0.0274286 0.0370669
10 0.454857 0.868251 0.0251429 0.0362611
10 0.105143 0.204674 0.0251429 0.0338437
10 0.821714 0.363014 0.0274286 0.0362611
17 0.228571 0.489927 0.0251429 0.0370669
10 0.778286 0.868251 0.0274286 0.0362611
10 0.356571 0.425866 0.0274286 0.0362611
12 0.777714 0.584206 0.0262857 0.0370669
10 0.144 0.0793715 0.0251429 0.0346495
10 0.146857 0.899678 0.0262857 0.0362611
10 0.864571 0.425866 0.0262857 0.0362611
10 0.156571 0.458098 0.0251429 0.0362611
12 0.481143 0.710717 0.0251429 0.0370669
17 0.449143 0.49033 0.0251429 0.0362611
12 0.432571 0.741741 0.0262857 0.0378727
12 0.858857 0.648268 0.0262857 0.0362611
12 0.780571 0.741741 0.0274286 0.0378727
10 0.245714 0.425866 0.0274286 0.0362611
12 0.161143 0.710717 0.0251429 0.0370669
10 0.677143 0.394037 0.0285714 0.0370669
17 0.661714 0.489927 0.0251429 0.0370669
12 0.480571 0.616035 0.0262857 0.0362611
12 0.601143 0.300967 0.0251429 0.0362611
12 0.634286 0.647865 0.0251429 0.0370669
12 0.303429 0.616438 0.0262857 0.0370669
12 0.394857 0.616035 0.0262857 0.0362611
12 0.841143 0.71112 0.0251429 0.0362611
12 0.146857 0.521757 0.0262857 0.0362611
12 0.652571 0.742546 0.0251429 0.0362611
10 0.278286 0.17365 0.0262857 0.0362611
12 0.726286 0.174053 0.0262857 0.0370669
12 0.719429 0.426672 0.0262857 0.0362611
12 0.188 0.930701 0.024 0.0338437
12 0.820571 0.521354 0.0251429 0.0370669
12 0.649714 0.174053 0.024 0.0354553
12 0.291429 0.49033 0.0251429 0.0362611
12 0.264 0.647462 0.0251429 0.0362611
12 0.730857 0.300967 0.0262857 0.0362611
12 0.392571 0.332393 0.0262857 0.0378727
12 0.297143 0.458501 0.0251429 0.0370669
12 0.706286 0.584609 0.0251429 0.0362611
17 0.857143 0.520951 0.0251429 0.0362611
12 0.396571 0.710314 0.0251429 0.0362611
10 0.212 0.741338 0.0262857 0.0354553
12 0.794857 0.77357 0.024 0.0354553
12 0.448 0.458904 0.0251429 0.0362611
17 0.530857 0.268735 0.024 0.0362611
12 0.290286 0.584609 0.0251429 0.0362611
17 0.864 0.930701 0.0228571 0.0322321
12 0.570857 0.300564 0.0262857 0.0370669
17 0.512 0.615633 0.0251429 0.0370669
12 0.469714 0.49033 0.0251429 0.0362611
17 0.193714 0.899678 0.024 0.0346495
17 0.454286 0.205077 0.024 0.0346495
10 0.456 0.930701 0.0251429 0.0338437
10 0.411429 0.868251 0.0251429 0.0362611
17 0.856 0.110798 0.0251429 0.0362611
17 0.421143 0.236503 0.024 0.0346495
12 0.332571 0.300564 0.0251429 0.0354553
12 0.178857 0.49033 0.0262857 0.0362611
12 0.452 0.0797744 0.024 0.0338437
12 0.792571 0.0797744 0.024 0.0354553
17 0.377143 0.363014 0.0251429 0.0346495
12 0.171429 0.204674 0.0251429 0.0338437
17 0.586286 0.39444 0.0228571 0.0346495
12 0.548 0.205882 0.0262857 0.0362611
17 0.778286 0.900081 0.0251429 0.0370669
17 0.0948571 0.55278 0.0228571 0.0354553
12 0.547429 0.14303 0.0251429 0.0362611
12 0.816571 0.837228 0.024 0.0354553
12 0.534857 0.300967 0.0251429 0.0362611
17 0.428 0.899678 0.024 0.0362611
12 0.654857 0.837228 0.0251429 0.0370669
17 0.432 0.39444 0.0251429 0.0346495
17 0.890286 0.142627 0.0251429 0.0354553
12 0.683429 0.110798 0.0251429 0.0362611
17 0.268571 0.837228 0.0251429 0.0370669
12 0.533714 0.584609 0.0251429 0.0362611
17 0.737714 0.205077 0.024 0.0346495
12 0.574286 0.868654 0.024 0.0354553
17 0.406857 0.773167 0.0251429 0.0362611
17 0.633143 0.930701 0.0228571 0.0322321
17 0.626286 0.331587 0.0228571 0.0346495
17 0.730286 0.39444 0.0251429 0.0362611
12 0.865143 0.837228 0.0251429 0.0370669
12 0.750286 0.900081 0.0262857 0.0370669
17 0.587429 0.426269 0.0251429 0.0354553
12 0.272571 0.33199 0.0262857 0.0370669
12 0.0954286 0.900483 0.024 0.0362611
12 0.766857 0.236906 0.0251429 0.0370669
17 0.632 0.804996 0.0251429 0.0354553
17 0.259429 0.39444 0.0228571 0.0346495
17 0.133143 0.804996 0.024 0.0354553
12 0.529143 0.804996 0.0251429 0.0370669
17 0.174286 0.363417 0.024 0.0354553
12 0.174857 0.110798 0.0251429 0.0362611
12 0.353714 0.332393 0.0262857 0.0362611
12 0.881714 0.17365 0.024 0.0346495
12 0.758857 0.836825 0.0251429 0.0362611
12 0.590286 0.900081 0.0262857 0.0370669
17 0.544 0.331587 0.0228571 0.0346495
12 0.842857 0.773973 0.0262857 0.0362611
17 0.817714 0.425866 0.024 0.0346495
12 0.0954286 0.458904 0.024 0.0362611
12 0.114286 0.332393 0.0251429 0.0362611
17 0.314286 0.426269 0.0251429 0.0370669
12 0.449714 0.900483 0.024 0.0362611
12 0.901143 0.869057 0.024 0.0362611
17 0.814857 0.804996 0.0251429 0.0354553
12 0.8 0.900483 0.0251429 0.0362611
12 0.278857 0.363417 0.0251429 0.0370669
12 0.334857 0.236906 0.0274286 0.0370669
12 0.14 0.110798 0.024 0.0362611
12 0.799429 0.14303 0.024 0.0362611
12 0.652 0.805802 0.024 0.0370669
17 0.0954286 0.331185 0.0217143 0.0338437
12 0.901714 0.804996 0.0251429 0.0370669
12 0.135429 0.458904 0.024 0.0362611
12 0.551429 0.269138 0.024 0.0354553
17 0.0954286 0.362611 0.0217143 0.0338437
17 0.4 0.804996 0.0251429 0.0370669
12 0.788571 0.458904 0.0251429 0.0362611
12 0.229143 0.71112 0.024 0.0362611
12 0.876 0.110798 0.024 0.0362611
12 0.621714 0.773973 0.0251429 0.0362611
12 0.417714 0.489927 0.024 0.0354553
12 0.42 0.805802 0.024 0.0370669
12 0.621714 0.742546 0.0251429 0.0362611
12 0.334857 0.426269 0.0228571 0.0354553
17 0.442286 0.900081 0.0434286 0.0354553
