8 0.225143 0.268735 0.0297143 0.0346495
0 0.578857 0.678888 0.0262857 0.0362611
0 0.748571 0.710314 0.0251429 0.0362611
8 0.325143 0.804593 0.0285714 0.0362611
0 0.390857 0.268735 0.0251429 0.0362611
8 0.557714 0.458098 0.0297143 0.0362611
8 0.466857 0.647462 0.0285714 0.0362611
8 0.900571 0.110395 0.0297143 0.0370669
0 0.809143 0.489927 0.0251429 0.0370669
0 0.630286 0.205077 0.0262857 0.0362611
7 0.496571 0.0801773 0.0194286 0.0346495
7 0.741143 0.0801773 0.0194286 0.0346495
8 0.277143 0.0797744 0.0285714 0.0354553
0 0.166286 0.0797744 0.024 0.0354553
8 0.309714 0.930701 0.0274286 0.0338437
0 0.162857 0.331587 0.0262857 0.0362611
0 0.468 0.804593 0.024 0.0362611
0 0.343429 0.930701 0.024 0.0338437
0 0.512571 0.930701 0.024 0.0338437
8 0.724571 0.458098 0.0297143 0.0362611
7 0.337143 0.55278 0.0205714 0.0370669
0 0.498286 0.900483 0.0251429 0.0362611
8 0.490286 0.236906 0.0297143 0.0370669
8 0.315429 0.552377 0.0297143 0.0362611
0 0.396 0.205077 0.0262857 0.0362611
8 0.370286 0.520951 0.0297143 0.0362611
8 0.610857 0.647462 0.0285714 0.0362611
0 0.588 0.268735 0.0262857 0.0362611
8 0.467429 0.109992 0.0297143 0.0362611
0 0.802286 0.394843 0.0251429 0.0370669
0 0.901143 0.55278 0.0262857 0.0370669
7 0.539429 0.0797744 0.0205714 0.0354553
8 0.474857 0.0793715 0.0285714 0.0362611
8 0.811429 0.647462 0.0297143 0.0362611
7 0.203429 0.584206 0.0205714 0.0370669
0 0.465143 0.268735 0.0251429 0.0362611
8 0.900571 0.236503 0.0297143 0.0362611
0 0.235429 0.174053 0.0251429 0.0370669
0 0.231429 0.0797744 0.024 0.0354553
0 0.545143 0.552377 0.0251429 0.0362611
8 0.457143 0.615633 0.0297143 0.0370669
0 0.653143 0.268735 0.024 0.0362611
8 0.260571 0.773167 0.0297143 0.0362611
8 0.580571 0.930298 0.0274286 0.0330379
0 0.587429 0.584206 0.0251429 0.0370669
8 0.116571 0.363014 0.0297143 0.0362611
8 0.659429 0.300161 0.0297143 0.0362611
0 0.901714 0.269138 0.0251429 0.0370669
8 0.573143 0.710314 0.0285714 0.0362611
8 0.385143 0.458098 0.0297143 0.0362611
8 0.345143 0.489525 0.0297143 0.0362611
8 0.628571 0.489525 0.0297143 0.0362611
8 0.7 0.205077 0.0308571 0.0362611
0 0.552 0.425866 0.0251429 0.0362611
8 0.890857 0.0793715 0.0285714 0.0346495
7 0.726286 0.584609 0.0217143 0.0362611
0 0.341714 0.363014 0.0251429 0.0362611
8 0.117143 0.55278 0.0285714 0.0354553
8 0.185143 0.710314 0.0297143 0.0362611
8 0.551429 0.868251 0.0285714 0.0362611
8 0.518286 0.0793715 0.0285714 0.0362611
8 0.226286 0.773167 0.0297143 0.0362611
8 0.153143 0.61523 0.0297143 0.0362611
8 0.306286 0.204674 0.0297143 0.0354553
8 0.268 0.142224 0.0308571 0.0362611
8 0.318286 0.836825 0.0285714 0.0362611
8 0.310286 0.520951 0.0285714 0.0362611
8 0.748 0.520951 0.0308571 0.0362611
0 0.749143 0.615633 0.0262857 0.0370669
0 0.134286 0.647462 0.024 0.0362611
8 0.592571 0.520951 0.0308571 0.0362611
8 0.398286 0.110395 0.0285714 0.0354553
8 0.772 0.615633 0.0308571 0.0370669
8 0.770286 0.300161 0.0297143 0.0362611
0 0.891429 0.678888 0.0251429 0.0362611
0 0.586857 0.647462 0.024 0.0362611
0 0.604 0.930701 0.024 0.0338437
8 0.168 0.741741 0.0297143 0.0362611
0 0.122286 0.868654 0.0251429 0.0370669
0 0.682857 0.300161 0.0262857 0.0362611
0 0.568571 0.521354 0.0262857 0.0370669
8 0.442286 0.110395 0.0297143 0.0354553
0 0.134286 0.584206 0.0262857 0.0370669
0 0.353714 0.647462 0.024 0.0362611
7 0.573714 0.55278 0.0205714 0.0370669
0 0.403429 0.584206 0.0251429 0.0370669
8 0.0977143 0.836825 0.0285714 0.0362611
7 0.692 0.931104 0.0194286 0.0330379
7 0.296571 0.837631 0.0194286 0.0362611
7 0.476 0.930701 0.0194286 0.0338437
7 0.580571 0.0797744 0.0205714 0.0354553
8 0.782286 0.804593 0.0285714 0.0362611
7 0.804 0.616035 0.0217143 0.0362611
0 0.277714 0.521354 0.0251429 0.0370669
7 0.785143 0.205882 0.0205714 0.0362611
8 0.428571 0.300161 0.0297143 0.0362611
0 0.402286 0.900081 0.0251429 0.0370669
8 0.268 0.584206 0.0285714 0.0370669
7 0.513143 0.426672 0.0205714 0.0378727
0 0.514286 0.458098 0.0251429 0.0362611
7 0.890286 0.395246 0.0205714 0.0362611
0 0.214857 0.804996 0.0251429 0.0354553
0 0.394286 0.521354 0.0251429 0.0370669
7 0.572571 0.837631 0.0205714 0.0362611
8 0.165143 0.804593 0.0285714 0.0362611
7 0.657143 0.394843 0.0205714 0.0354553
0 0.646286 0.900081 0.024 0.0370669
0 0.303429 0.268332 0.024 0.0354553
7 0.819429 0.14303 0.0205714 0.0362611
8 0.612 0.836825 0.0285714 0.0362611
0 0.376571 0.773167 0.024 0.0362611
8 0.705714 0.363014 0.0285714 0.0346495
7 0.549714 0.521757 0.0205714 0.0362611
7 0.702286 0.647865 0.0217143 0.0370669
7 0.749714 0.300967 0.0205714 0.0362611
8 0.454286 0.836825 0.0285714 0.0362611
0 0.892571 0.615633 0.0251429 0.0370669
7 0.485714 0.837631 0.0205714 0.0362611
7 0.730286 0.615633 0.0205714 0.0370669
7 0.904 0.836825 0.0205714 0.0346495
0 0.278286 0.930298 0.024 0.0330379
8 0.560571 0.109992 0.0285714 0.0346495
5 0.445714 0.584206 0.0228571 0.0354553
8 0.853143 0.551974 0.0308571 0.0370669
0 0.848571 0.0793715 0.024 0.0346495
0 0.433714 0.868251 0.024 0.0362611
8 0.887429 0.425866 0.0285714 0.0362611
7 0.196571 0.647462 0.0205714 0.0362611
7 0.507429 0.14303 0.0205714 0.0362611
7 0.198286 0.174053 0.0194286 0.0370669
5 0.558286 0.930701 0.0217143 0.0338437
5 0.402857 0.553183 0.024 0.0362611
8 0.507429 0.836825 0.0297143 0.0362611
7 0.835429 0.837631 0.0205714 0.0362611
0 0.204571 0.363014 0.0251429 0.0362611
7 0.748571 0.332393 0.0205714 0.0362611
5 0.265143 0.204674 0.0228571 0.0354553
7 0.818286 0.33199 0.0205714 0.0354553
5 0.450286 0.237309 0.0228571 0.0362611
7 0.746286 0.174859 0.0205714 0.0370669
7 0.452571 0.174053 0.0205714 0.0370669
7 0.562857 0.0797744 0.0194286 0.0354553
7 0.257714 0.521354 0.0194286 0.0370669
0 0.559429 0.17365 0.024 0.0346495
5 0.806286 0.174053 0.0217143 0.0354553
0 0.688571 0.174053 0.0262857 0.0370669
0 0.159429 0.17365 0.024 0.0346495
7 0.243429 0.615633 0.0205714 0.0370669
7 0.695429 0.142224 0.0194286 0.0346495
8 0.844 0.899678 0.0308571 0.0362611
7 0.501714 0.205882 0.0205714 0.0362611
7 0.605714 0.869057 0.0205714 0.0362611
7 0.825143 0.679291 0.0205714 0.0354553
7 0.176 0.14303 0.0205714 0.0362611
7 0.629714 0.521354 0.0205714 0.0370669
7 0.271429 0.86946 0.0217143 0.0370669
7 0.373714 0.647462 0.0205714 0.0362611
7 0.408 0.300564 0.0205714 0.0354553
5 0.226857 0.931104 0.0217143 0.0330379
5 0.225714 0.363417 0.0217143 0.0354553
7 0.284571 0.647865 0.0205714 0.0354553
7 0.593143 0.742143 0.0205714 0.0354553
7 0.658857 0.647865 0.0217143 0.0354553
8 0.254857 0.268332 0.0297143 0.0354553
7 0.449143 0.805802 0.0205714 0.0370669
7 0.814857 0.77357 0.0205714 0.0354553
5 0.390857 0.869057 0.0228571 0.0362611
5 0.685714 0.868654 0.0228571 0.0370669
0 0.882286 0.458098 0.0251429 0.0362611
7 0.186286 0.805802 0.0205714 0.0370669
7 0.182857 0.426672 0.0205714 0.0362611
8 0.178286 0.39444 0.0297143 0.0362611
5 0.642857 0.0797744 0.0217143 0.0338437
5 0.746286 0.237712 0.0228571 0.0370669
7 0.668571 0.174859 0.0205714 0.0370669
7 0.802286 0.36382 0.0205714 0.0362611
7 0.726286 0.36382 0.0217143 0.0362611
7 0.0937143 0.521354 0.0205714 0.0354553
5 0.115429 0.458904 0.0228571 0.0362611
5 0.482286 0.521757 0.0228571 0.0362611
7 0.340571 0.679291 0.0205714 0.0354553
7 0.532 0.931104 0.0194286 0.0330379
7 0.329714 0.710717 0.0194286 0.0354553
5 0.869143 0.0801773 0.0217143 0.0362611
5 0.347429 0.521354 0.0228571 0.0370669
7 0.32 0.868654 0.0205714 0.0370669
5 0.628571 0.616035 0.0228571 0.0362611
5 0.694857 0.710314 0.0228571 0.0362611
5 0.42 0.111201 0.0217143 0.0354553
7 0.159429 0.647462 0.0217143 0.0362611
7 0.625143 0.710717 0.0205714 0.0354553
5 0.862857 0.773973 0.0228571 0.0362611
7 0.829143 0.0801773 0.0194286 0.0362611
7 0.566857 0.14303 0.0205714 0.0362611
7 0.842286 0.805802 0.0205714 0.0370669
5 0.406857 0.174456 0.0228571 0.0362611
7 0.357143 0.77357 0.0194286 0.0354553
5 0.658286 0.426269 0.0228571 0.0370669
5 0.650286 0.205882 0.0228571 0.0362611
5 0.616571 0.900483 0.024 0.0362611
7 0.885143 0.647865 0.0217143 0.0354553
7 0.224 0.332393 0.0205714 0.0362611
5 0.858286 0.869057 0.0228571 0.0362611
7 0.566857 0.205882 0.0205714 0.0362611
5 0.533714 0.36382 0.0228571 0.0362611
5 0.758857 0.395649 0.0228571 0.0370669
7 0.417143 0.679291 0.0205714 0.0354553
7 0.478286 0.900081 0.0194286 0.0354553
7 0.121143 0.395246 0.0205714 0.0362611
5 0.672571 0.458501 0.0217143 0.0370669
7 0.234857 0.804996 0.0194286 0.0354553
5 0.425714 0.363417 0.0217143 0.0354553
5 0.494857 0.458904 0.0228571 0.0362611
5 0.175429 0.615633 0.024 0.0370669
7 0.7 0.236906 0.0194286 0.0354553
7 0.809714 0.869057 0.0217143 0.0362611
7 0.665143 0.332393 0.0205714 0.0346495
5 0.779429 0.679291 0.0228571 0.0354553
7 0.102286 0.300161 0.0194286 0.0362611
5 0.704 0.111201 0.0228571 0.0370669
5 0.283429 0.679694 0.0228571 0.0362611
5 0.509714 0.869057 0.0228571 0.0362611
5 0.371429 0.900886 0.0228571 0.0370669
7 0.0937143 0.174053 0.0205714 0.0354553
5 0.708571 0.269541 0.0228571 0.0362611
7 0.310857 0.584206 0.0205714 0.0354553
7 0.510857 0.647865 0.0205714 0.0354553
7 0.489143 0.269138 0.0205714 0.0354553
7 0.212 0.204674 0.0194286 0.0338437
7 0.365714 0.71112 0.0205714 0.0346495
7 0.598857 0.679291 0.0205714 0.0370669
7 0.301143 0.142627 0.0194286 0.0354553
7 0.567429 0.647865 0.0194286 0.0354553
5 0.637714 0.300967 0.0228571 0.0378727
5 0.288 0.395246 0.0228571 0.0362611
5 0.410286 0.837631 0.0228571 0.0362611
7 0.477714 0.55278 0.0205714 0.0354553
7 0.354857 0.236906 0.0217143 0.0354553
7 0.310857 0.33199 0.0205714 0.0354553
5 0.689143 0.77357 0.0228571 0.0370669
7 0.904 0.332393 0.0205714 0.0362611
5 0.260571 0.710717 0.0228571 0.0370669
7 0.876 0.521354 0.0194286 0.0338437
5 0.849714 0.458501 0.0217143 0.0370669
5 0.712 0.805802 0.0228571 0.0370669
7 0.144 0.33199 0.0205714 0.0354553
7 0.133714 0.773973 0.0205714 0.0346495
7 0.212 0.0801773 0.0194286 0.0346495
5 0.461143 0.395649 0.0217143 0.0370669
5 0.36 0.868654 0.0228571 0.0370669
7 0.167429 0.584206 0.0194286 0.0354553
5 0.282286 0.773973 0.0228571 0.0362611
5 0.351429 0.742143 0.0217143 0.0370669
7 0.277714 0.900483 0.0205714 0.0346495
5 0.266286 0.426672 0.0228571 0.0362611
5 0.466286 0.300967 0.0228571 0.0362611
5 0.422286 0.647865 0.0217143 0.0354553
8 0.256571 0.80419 0.0285714 0.0354553
7 0.322286 0.363417 0.0205714 0.0354553
5 0.0942857 0.86946 0.0217143 0.0370669
5 0.0942857 0.14303 0.0217143 0.0362611
1 0.316 0.773167 0.0125714 0.0362611
7 0.112 0.710717 0.0205714 0.0354553
1 0.444571 0.552377 0.0114286 0.0362611
1 0.152 0.679291 0.0114286 0.0354553
1 0.521143 0.39444 0.0114286 0.0362611
1 0.161143 0.39444 0.0114286 0.0362611
1 0.209143 0.77357 0.0114286 0.0354553
1 0.726286 0.805399 0.0102857 0.0362611
1 0.326857 0.930701 0.0114286 0.0338437
1 0.84 0.930701 0.0114286 0.0338437
1 0.825143 0.39444 0.0114286 0.0362611
1 0.677143 0.900081 0.0125714 0.0370669
1 0.218857 0.678888 0.0125714 0.0362611
1 0.358286 0.394843 0.0125714 0.0354553
1 0.650857 0.678888 0.0125714 0.0362611
1 0.249714 0.583803 0.0125714 0.0362611
1 0.678857 0.930701 0.0114286 0.0338437
1 0.130286 0.426269 0.0114286 0.0354553
1 0.805143 0.710717 0.0125714 0.0354553
1 0.362286 0.0793715 0.0114286 0.0346495
1 0.218286 0.899678 0.0114286 0.0346495
1 0.662286 0.14303 0.0125714 0.0362611
1 0.602286 0.426269 0.0114286 0.0354553
1 0.605143 0.458501 0.0125714 0.0354553
1 0.446857 0.394843 0.0114286 0.0354553
1 0.489714 0.931104 0.0125714 0.0346495
1 0.866857 0.900483 0.0125714 0.0362611
1 0.814857 0.900081 0.0114286 0.0354553
1 0.274286 0.394843 0.0114286 0.0354553
1 0.856 0.489927 0.0114286 0.0354553
1 0.764571 0.930701 0.0114286 0.0338437
1 0.195429 0.741741 0.0114286 0.0362611
1 0.185714 0.300161 0.0125714 0.0362611
1 0.107429 0.868654 0.0114286 0.0354553
1 0.766286 0.552377 0.0125714 0.0362611
1 0.209143 0.900483 0.0114286 0.0362611
1 0.392 0.363417 0.0114286 0.0354553
1 0.298286 0.552377 0.0114286 0.0362611
1 0.436 0.805399 0.0125714 0.0362611
1 0.668 0.742143 0.0125714 0.0354553
1 0.647429 0.930298 0.0102857 0.0330379
1 0.786857 0.268735 0.0125714 0.0362611
1 0.32 0.900081 0.0114286 0.0354553
1 0.735429 0.930701 0.0102857 0.0322321
1 0.878286 0.930701 0.0102857 0.0322321
1 0.465714 0.174053 0.0125714 0.0370669
1 0.554857 0.679291 0.0125714 0.0370669
1 0.107429 0.804996 0.0114286 0.0354553
1 0.545714 0.489525 0.0125714 0.0362611
1 0.288571 0.331587 0.0125714 0.0362611
1 0.111429 0.900081 0.0125714 0.0354553
1 0.465143 0.900483 0.0114286 0.0362611
1 0.889143 0.900081 0.0114286 0.0354553
1 0.887429 0.930701 0.0102857 0.0338437
1 0.637714 0.741741 0.0114286 0.0362611
1 0.888 0.489525 0.0114286 0.0362611
1 0.722857 0.268735 0.0125714 0.0346495
1 0.600571 0.394843 0.0125714 0.0354553
1 0.485143 0.489927 0.0125714 0.0354553
1 0.630857 0.900081 0.0114286 0.0354553
1 0.372571 0.174053 0.0114286 0.0354553
1 0.251429 0.300564 0.0137143 0.0354553
1 0.529143 0.900081 0.0114286 0.0354553
1 0.694286 0.268735 0.0125714 0.0362611
1 0.765143 0.363417 0.0125714 0.0370669
1 0.606857 0.805399 0.0114286 0.0362611
1 0.661143 0.900081 0.0125714 0.0370669
1 0.130857 0.33199 0.0125714 0.0354553
1 0.86 0.331587 0.0125714 0.0362611
1 0.615429 0.583803 0.0125714 0.0362611
1 0.671429 0.678888 0.0125714 0.0362611
1 0.908 0.0793715 0.0102857 0.0346495
1 0.744571 0.394843 0.0125714 0.0354553
1 0.330286 0.0797744 0.0114286 0.0338437
1 0.58 0.205479 0.0125714 0.0354553
1 0.634286 0.174053 0.0114286 0.0354553
1 0.644 0.55278 0.0125714 0.0354553
1 0.146857 0.269138 0.0125714 0.0354553
1 0.107429 0.394843 0.0114286 0.0354553
1 0.421714 0.773167 0.0114286 0.0346495
1 0.889143 0.710717 0.0114286 0.0354553
5 0.455429 0.77357 0.0217143 0.0370669
1 0.828571 0.805399 0.0114286 0.0362611
1 0.0891429 0.930701 0.0114286 0.0338437
1 0.318857 0.615633 0.0114286 0.0354553
1 0.0891429 0.615633 0.0114286 0.0370669
1 0.221143 0.426672 0.0125714 0.0362611
1 0.843429 0.268735 0.0114286 0.0362611
1 0.690857 0.584206 0.0125714 0.0354553
1 0.436 0.237309 0.0125714 0.0362611
1 0.586857 0.300161 0.0125714 0.0362611
1 0.181143 0.678888 0.0125714 0.0346495
1 0.380571 0.205479 0.0137143 0.0370669
1 0.245143 0.520951 0.0125714 0.0362611
1 0.283429 0.804996 0.0137143 0.0370669
1 0.0982857 0.426269 0.0114286 0.0354553
1 0.717714 0.678485 0.0137143 0.0354553
1 0.666286 0.363014 0.0137143 0.0362611
1 0.206286 0.299758 0.0125714 0.0354553
1 0.616 0.268735 0.0114286 0.0362611
1 0.0982857 0.71112 0.0114286 0.0362611
1 0.76 0.773167 0.0114286 0.0346495
1 0.4 0.0793715 0.0114286 0.0330379
1 0.249143 0.647462 0.0114286 0.0362611
1 0.0897143 0.77357 0.0102857 0.0354553
1 0.276571 0.489927 0.0114286 0.0370669
1 0.189714 0.363014 0.0114286 0.0362611
1 0.571429 0.583803 0.0114286 0.0362611
1 0.904571 0.393634 0.0125714 0.0378727
1 0.598286 0.2361 0.0148571 0.0370669
5 0.706286 0.77357 0.0251429 0.0370669
1 0.458286 0.679291 0.0137143 0.0370669
1 0.126286 0.929895 0.0102857 0.0354553
1 0.335429 0.868251 0.0125714 0.0362611
5 0.464571 0.237309 0.0331429 0.0362611
5 0.64 0.426269 0.0251429 0.0370669
1 0.274857 0.267526 0.0148571 0.0370669
0 0.121714 0.647865 0.0285714 0.0370669
5 0.704 0.867849 0.0274286 0.0370669
0 0.123429 0.584206 0.0274286 0.0370669
7 0.767429 0.300564 0.0354286 0.0370669
