10 0.128 0.489525 0.0274286 0.0362611
10 0.789714 0.710314 0.0274286 0.0362611
10 0.591429 0.772764 0.0262857 0.0354553
10 0.801143 0.552377 0.0274286 0.0362611
10 0.501714 0.583803 0.0274286 0.0362611
10 0.145143 0.868251 0.0274286 0.0378727
10 0.490286 0.647462 0.0274286 0.0362611
10 0.659429 0.552377 0.0274286 0.0362611
10 0.425714 0.583803 0.0262857 0.0362611
10 0.692571 0.458098 0.0274286 0.0362611
11 0.542286 0.837228 0.0285714 0.0370669
11 0.748 0.647462 0.0285714 0.0362611
10 0.362286 0.615633 0.0274286 0.0370669
11 0.519429 0.521757 0.0285714 0.0362611
10 0.325714 0.268735 0.0274286 0.0362611
11 0.818857 0.458098 0.0285714 0.0362611
10 0.872 0.489525 0.0274286 0.0362611
10 0.371429 0.741741 0.0274286 0.0362611
11 0.685143 0.521757 0.0285714 0.0362611
10 0.180571 0.268735 0.0274286 0.0346495
10 0.715429 0.710314 0.0274286 0.0362611
10 0.604571 0.489525 0.0274286 0.0362611
10 0.585714 0.331587 0.0262857 0.0362611
10 0.330286 0.204674 0.0274286 0.0354553
11 0.281714 0.553183 0.0285714 0.0362611
11 0.352571 0.458501 0.0285714 0.0354553
11 0.836 0.647462 0.0285714 0.0362611
11 0.794286 0.836825 0.0274286 0.0362611
11 0.840571 0.426672 0.0285714 0.0362611
10 0.728571 0.331587 0.0262857 0.0362611
10 0.357714 0.17365 0.0274286 0.0362611
11 0.857143 0.237309 0.0274286 0.0362611
10 0.346857 0.0793715 0.0262857 0.0362611
10 0.418286 0.205077 0.0274286 0.0362611
11 0.257714 0.458904 0.0285714 0.0362611
11 0.431429 0.521757 0.0285714 0.0362611
10 0.618286 0.425866 0.0274286 0.0362611
11 0.827429 0.174053 0.0274286 0.0354553
11 0.537714 0.647462 0.0285714 0.0362611
10 0.630857 0.268735 0.0274286 0.0362611
10 0.520571 0.489525 0.0262857 0.0362611
10 0.235429 0.678888 0.0274286 0.0362611
10 0.129143 0.61523 0.0274286 0.0362611
10 0.757143 0.268735 0.0262857 0.0362611
10 0.393143 0.39444 0.0274286 0.0362611
11 0.772 0.521354 0.0285714 0.0370669
10 0.779429 0.39444 0.0274286 0.0362611
11 0.562857 0.489927 0.0285714 0.0354553
10 0.872571 0.300161 0.0262857 0.0362611
8 0.225143 0.268735 0.0297143 0.0346495
11 0.775429 0.174456 0.0285714 0.0362611
11 0.814286 0.584609 0.0285714 0.0362611
10 0.697714 0.425866 0.0262857 0.0362611
11 0.118286 0.269138 0.0285714 0.0354553
11 0.201714 0.553183 0.0285714 0.0362611
10 0.114286 0.425866 0.0274286 0.0362611
11 0.105714 0.110798 0.0285714 0.0362611
10 0.353143 0.110395 0.0274286 0.0354553
10 0.294857 0.300161 0.0274286 0.0362611
10 0.253714 0.0797744 0.0251429 0.0354553
11 0.814286 0.742143 0.0285714 0.0370669
10 0.536 0.110798 0.0274286 0.0362611
10 0.442857 0.647462 0.0262857 0.0362611
11 0.105714 0.742143 0.0285714 0.0354553
10 0.88 0.868654 0.0274286 0.0354553
11 0.330857 0.332393 0.0285714 0.0362611
11 0.682857 0.55278 0.0285714 0.0354553
11 0.695429 0.332393 0.0285714 0.0362611
10 0.297714 0.899678 0.0262857 0.0362611
11 0.684 0.489927 0.0285714 0.0354553
10 0.556571 0.39444 0.0274286 0.0362611
11 0.576571 0.615633 0.0285714 0.0370669
10 0.330286 0.110798 0.0274286 0.0362611
11 0.250857 0.489927 0.0285714 0.0354553
11 0.664571 0.584609 0.0285714 0.0362611
10 0.477714 0.868654 0.0274286 0.0370669
11 0.738286 0.55278 0.0274286 0.0354553
11 0.106857 0.679291 0.0285714 0.0370669
10 0.662857 0.930298 0.0251429 0.0330379
11 0.709143 0.616035 0.0285714 0.0362611
10 0.114286 0.142224 0.0274286 0.0362611
8 0.325143 0.804593 0.0285714 0.0362611
10 0.786286 0.489122 0.0274286 0.0370669
8 0.557714 0.458098 0.0297143 0.0362611
11 0.172 0.773167 0.0285714 0.0362611
11 0.503429 0.110798 0.0285714 0.0362611
10 0.454857 0.868251 0.0251429 0.0362611
8 0.466857 0.647462 0.0285714 0.0362611
10 0.105143 0.204674 0.0251429 0.0338437
8 0.900571 0.110395 0.0297143 0.0370669
10 0.821714 0.363014 0.0274286 0.0362611
10 0.778286 0.868251 0.0274286 0.0362611
10 0.356571 0.425866 0.0274286 0.0362611
11 0.105714 0.616035 0.0285714 0.0362611
10 0.144 0.0793715 0.0251429 0.0346495
8 0.277143 0.0797744 0.0285714 0.0354553
11 0.746857 0.142627 0.0285714 0.0370669
10 0.146857 0.899678 0.0262857 0.0362611
11 0.622286 0.458501 0.0285714 0.0370669
11 0.288571 0.110798 0.0285714 0.0362611
10 0.864571 0.425866 0.0262857 0.0362611
10 0.156571 0.458098 0.0251429 0.0362611
8 0.309714 0.930701 0.0274286 0.0338437
11 0.689714 0.0797744 0.0285714 0.0354553
11 0.223429 0.647462 0.0285714 0.0362611
11 0.255429 0.931104 0.0262857 0.0330379
8 0.724571 0.458098 0.0297143 0.0362611
11 0.781143 0.363417 0.0285714 0.0370669
8 0.490286 0.236906 0.0297143 0.0370669
8 0.315429 0.552377 0.0297143 0.0362611
11 0.568571 0.773973 0.0285714 0.0362611
8 0.370286 0.520951 0.0297143 0.0362611
8 0.610857 0.647462 0.0285714 0.0362611
11 0.425714 0.33199 0.0285714 0.0370669
8 0.467429 0.109992 0.0297143 0.0362611
8 0.474857 0.0793715 0.0285714 0.0362611
8 0.811429 0.647462 0.0297143 0.0362611
8 0.900571 0.236503 0.0297143 0.0362611
10 0.245714 0.425866 0.0274286 0.0362611
8 0.457143 0.615633 0.0297143 0.0370669
8 0.260571 0.773167 0.0297143 0.0362611
10 0.677143 0.394037 0.0285714 0.0370669
8 0.580571 0.930298 0.0274286 0.0330379
11 0.787429 0.33199 0.0274286 0.0354553
8 0.116571 0.363014 0.0297143 0.0362611
8 0.659429 0.300161 0.0297143 0.0362611
11 0.394857 0.427075 0.0285714 0.0370669
11 0.810857 0.300564 0.0285714 0.0370669
8 0.573143 0.710314 0.0285714 0.0362611
8 0.385143 0.458098 0.0297143 0.0362611
8 0.345143 0.489525 0.0297143 0.0362611
8 0.628571 0.489525 0.0297143 0.0362611
8 0.7 0.205077 0.0308571 0.0362611
8 0.890857 0.0793715 0.0285714 0.0346495
8 0.117143 0.55278 0.0285714 0.0354553
8 0.185143 0.710314 0.0297143 0.0362611
8 0.551429 0.868251 0.0285714 0.0362611
11 0.900571 0.363417 0.0274286 0.0354553
8 0.518286 0.0793715 0.0285714 0.0362611
8 0.226286 0.773167 0.0297143 0.0362611
8 0.153143 0.61523 0.0297143 0.0362611
8 0.306286 0.204674 0.0297143 0.0354553
8 0.268 0.142224 0.0308571 0.0362611
8 0.318286 0.836825 0.0285714 0.0362611
8 0.310286 0.520951 0.0285714 0.0362611
10 0.278286 0.17365 0.0262857 0.0362611
8 0.748 0.520951 0.0308571 0.0362611
8 0.592571 0.520951 0.0308571 0.0362611
8 0.398286 0.110395 0.0285714 0.0354553
8 0.772 0.615633 0.0308571 0.0370669
8 0.770286 0.300161 0.0297143 0.0362611
11 0.321714 0.647865 0.0285714 0.0370669
8 0.168 0.741741 0.0297143 0.0362611
8 0.442286 0.110395 0.0297143 0.0354553
8 0.0977143 0.836825 0.0285714 0.0362611
8 0.782286 0.804593 0.0285714 0.0362611
8 0.428571 0.300161 0.0297143 0.0362611
8 0.268 0.584206 0.0285714 0.0370669
8 0.165143 0.804593 0.0285714 0.0362611
10 0.212 0.741338 0.0262857 0.0354553
11 0.400571 0.647462 0.0285714 0.0362611
8 0.612 0.836825 0.0285714 0.0362611
8 0.705714 0.363014 0.0285714 0.0346495
10 0.456 0.930701 0.0251429 0.0338437
8 0.454286 0.836825 0.0285714 0.0362611
10 0.411429 0.868251 0.0251429 0.0362611
8 0.560571 0.109992 0.0285714 0.0346495
8 0.853143 0.551974 0.0308571 0.0370669
8 0.887429 0.425866 0.0285714 0.0362611
8 0.507429 0.836825 0.0297143 0.0362611
8 0.844 0.899678 0.0308571 0.0362611
8 0.254857 0.268332 0.0297143 0.0354553
8 0.178286 0.39444 0.0297143 0.0362611
11 0.301143 0.805399 0.0285714 0.0378727
13 0.314857 0.458098 0.0148571 0.0346495
13 0.157143 0.110395 0.0148571 0.0354553
13 0.776571 0.837228 0.0148571 0.0354553
13 0.802286 0.930701 0.0137143 0.0338437
13 0.1 0.268735 0.0148571 0.0346495
13 0.865714 0.17365 0.0148571 0.0346495
13 0.116 0.836825 0.0148571 0.0346495
13 0.681714 0.836825 0.0148571 0.0346495
13 0.776 0.0793715 0.0137143 0.0346495
13 0.281714 0.426269 0.0148571 0.0354553
13 0.383429 0.678888 0.0148571 0.0346495
13 0.752571 0.868251 0.0148571 0.0346495
13 0.605143 0.268735 0.0148571 0.0346495
8 0.256571 0.80419 0.0285714 0.0354553
13 0.413143 0.710314 0.0148571 0.0346495
13 0.174286 0.299758 0.0148571 0.0354553
13 0.725714 0.930701 0.0137143 0.0338437
13 0.212 0.458501 0.0148571 0.0354553
13 0.824571 0.900081 0.0148571 0.0354553
15 0.227429 0.742143 0.0114286 0.0354553
13 0.870857 0.33199 0.0137143 0.0354553
13 0.661143 0.678888 0.0148571 0.0362611
13 0.543429 0.17365 0.0148571 0.0346495
13 0.135429 0.268735 0.0148571 0.0346495
13 0.756 0.552377 0.0148571 0.0346495
13 0.196 0.299758 0.0148571 0.0354553
13 0.677143 0.363417 0.0148571 0.0354553
13 0.491429 0.773167 0.0137143 0.0346495
13 0.204 0.836825 0.0148571 0.0346495
13 0.726286 0.742143 0.0148571 0.0354553
13 0.154857 0.55278 0.0148571 0.0354553
15 0.558857 0.741741 0.0114286 0.0346495
13 0.330857 0.900081 0.0148571 0.0354553
13 0.594857 0.458501 0.0148571 0.0354553
13 0.462857 0.363014 0.0137143 0.0346495
13 0.720571 0.552377 0.0148571 0.0362611
13 0.453143 0.710314 0.0148571 0.0346495
13 0.610286 0.710717 0.0137143 0.0354553
15 0.155429 0.77357 0.0114286 0.0354553
13 0.268 0.741741 0.0148571 0.0346495
13 0.585143 0.236906 0.016 0.0370669
15 0.555429 0.710314 0.0114286 0.0362611
13 0.578857 0.110798 0.0148571 0.0362611
13 0.845143 0.489927 0.0148571 0.0354553
13 0.499429 0.425866 0.0137143 0.0362611
13 0.906857 0.426269 0.0148571 0.0354553
13 0.623429 0.174053 0.0148571 0.0354553
15 0.670857 0.837228 0.0114286 0.0354553
15 0.333143 0.142627 0.0125714 0.0354553
15 0.612 0.679694 0.0125714 0.0362611
15 0.123429 0.679291 0.0114286 0.0354553
15 0.736571 0.741741 0.0125714 0.0362611
15 0.338286 0.647462 0.0114286 0.0362611
15 0.827429 0.300161 0.0114286 0.0346495
15 0.222857 0.458098 0.0114286 0.0346495
15 0.410286 0.394843 0.0114286 0.0354553
13 0.110857 0.489525 0.0137143 0.0362611
13 0.567429 0.804996 0.0148571 0.0354553
15 0.908 0.300564 0.0125714 0.0354553
15 0.697143 0.741741 0.0114286 0.0362611
15 0.667429 0.805802 0.0114286 0.0354553
13 0.261714 0.363014 0.0137143 0.0346495
15 0.388 0.741741 0.0125714 0.0346495
13 0.878286 0.900483 0.0148571 0.0362611
15 0.601714 0.33199 0.0125714 0.0354553
15 0.162286 0.900081 0.0114286 0.0354553
13 0.884571 0.55278 0.016 0.0370669
15 0.448 0.521354 0.0114286 0.0354553
13 0.1 0.77357 0.0148571 0.0354553
15 0.908 0.678888 0.0125714 0.0362611
15 0.320571 0.39444 0.0102857 0.0346495
13 0.413143 0.142627 0.0148571 0.0354553
15 0.309143 0.36382 0.0125714 0.0362611
15 0.283429 0.837228 0.0114286 0.0354553
13 0.539429 0.900081 0.0137143 0.0354553
15 0.794286 0.647865 0.0114286 0.0354553
15 0.856571 0.300161 0.0125714 0.0346495
15 0.836 0.458501 0.0125714 0.0354553
15 0.849143 0.583803 0.0114286 0.0346495
15 0.233714 0.837228 0.0125714 0.0354553
15 0.128571 0.300161 0.0125714 0.0362611
13 0.286857 0.269138 0.016 0.0370669
15 0.469714 0.205077 0.0114286 0.0346495
15 0.765143 0.647865 0.0125714 0.0354553
15 0.438857 0.174053 0.0114286 0.0354553
15 0.536 0.521354 0.0114286 0.0354553
15 0.657143 0.110798 0.0114286 0.0362611
15 0.908 0.521354 0.0125714 0.0354553
15 0.24 0.647462 0.0114286 0.0362611
15 0.554857 0.647865 0.0102857 0.0354553
15 0.834286 0.489927 0.0114286 0.0354553
15 0.0897143 0.269138 0.0102857 0.0354553
15 0.908 0.615633 0.0125714 0.0370669
15 0.773714 0.931104 0.0114286 0.0346495
15 0.0988571 0.394843 0.0125714 0.0354553
15 0.534286 0.710314 0.0125714 0.0362611
15 0.559429 0.837228 0.0102857 0.0338437
15 0.452 0.426672 0.0125714 0.0362611
15 0.849143 0.741741 0.0114286 0.0346495
15 0.261143 0.300564 0.0125714 0.0370669
15 0.424 0.710314 0.0114286 0.0346495
15 0.629714 0.837228 0.0114286 0.0354553
15 0.154857 0.931104 0.0125714 0.0346495
15 0.791429 0.931104 0.0125714 0.0346495
15 0.34 0.174053 0.0125714 0.0354553
15 0.480571 0.300564 0.0125714 0.0354553
15 0.856 0.394843 0.0114286 0.0354553
15 0.267429 0.489927 0.0114286 0.0354553
15 0.765714 0.679291 0.0114286 0.0354553
15 0.297714 0.332393 0.0125714 0.0362611
15 0.334857 0.836825 0.0114286 0.0346495
15 0.792 0.174053 0.0114286 0.0354553
15 0.74 0.363417 0.0125714 0.0354553
15 0.773143 0.269138 0.0125714 0.0354553
15 0.84 0.236906 0.0114286 0.0354553
15 0.566857 0.363014 0.0114286 0.0346495
15 0.730857 0.521354 0.0125714 0.0354553
15 0.406286 0.269138 0.0125714 0.0354553
15 0.292571 0.520951 0.0114286 0.0362611
15 0.402857 0.142627 0.0125714 0.0354553
15 0.52 0.110798 0.0114286 0.0346495
15 0.638857 0.236906 0.0114286 0.0354553
15 0.218286 0.55278 0.0114286 0.0354553
15 0.172571 0.930701 0.0114286 0.0338437
15 0.385143 0.930701 0.0114286 0.0338437
15 0.590286 0.110798 0.0125714 0.0362611
15 0.681714 0.583803 0.0125714 0.0362611
15 0.212 0.174456 0.0125714 0.0362611
15 0.833714 0.269138 0.0125714 0.0354553
15 0.458286 0.679291 0.0114286 0.0354553
15 0.74 0.489927 0.0125714 0.0354553
15 0.714286 0.931104 0.0114286 0.0330379
15 0.148 0.804996 0.0102857 0.0354553
15 0.712 0.331587 0.0114286 0.0346495
15 0.294857 0.0797744 0.0114286 0.0354553
15 0.641714 0.679694 0.0125714 0.0362611
15 0.692571 0.616035 0.0114286 0.0362611
15 0.717714 0.110798 0.0114286 0.0346495
15 0.584 0.458098 0.0114286 0.0362611
15 0.327429 0.615633 0.0125714 0.0370669
15 0.298857 0.236906 0.0148571 0.0370669
15 0.856 0.805399 0.0114286 0.0362611
15 0.193143 0.836825 0.0114286 0.0346495
15 0.196 0.394843 0.0125714 0.0354553
15 0.163429 0.300161 0.0137143 0.0362611
15 0.574286 0.236906 0.0125714 0.0354553
15 0.150286 0.14303 0.0125714 0.0362611
15 0.498286 0.741741 0.0114286 0.0362611
15 0.612 0.174053 0.0125714 0.0354553
13 0.554857 0.805399 0.0148571 0.0362611
15 0.210857 0.142627 0.0125714 0.0354553
15 0.274286 0.458501 0.0114286 0.0354553
15 0.208 0.868654 0.0114286 0.0354553
15 0.664571 0.205479 0.0125714 0.0354553
15 0.638857 0.458098 0.0114286 0.0362611
15 0.669143 0.710314 0.0125714 0.0362611
15 0.763429 0.142627 0.0114286 0.0354553
15 0.257714 0.742143 0.0125714 0.0354553
15 0.421143 0.174053 0.0125714 0.0354553
15 0.753714 0.205077 0.0125714 0.0346495
15 0.688 0.363417 0.0114286 0.0354553
15 0.762286 0.868251 0.0114286 0.0346495
15 0.385143 0.900081 0.0114286 0.0354553
15 0.356 0.584609 0.0125714 0.0362611
15 0.701143 0.521354 0.0125714 0.0354553
15 0.628 0.110798 0.0125714 0.0362611
15 0.551429 0.77357 0.0125714 0.0354553
15 0.709143 0.55278 0.0125714 0.0354553
15 0.484 0.804996 0.0125714 0.0354553
15 0.649714 0.868654 0.0125714 0.0354553
15 0.0897143 0.742143 0.0102857 0.0354553
15 0.0897143 0.300161 0.0125714 0.0362611
15 0.462286 0.142627 0.0125714 0.0370669
15 0.593143 0.615633 0.0114286 0.0354553
15 0.706286 0.0797744 0.0114286 0.0338437
15 0.0897143 0.710717 0.0102857 0.0354553
15 0.277143 0.236906 0.0148571 0.0370669
15 0.180571 0.0797744 0.0114286 0.0354553
15 0.52 0.900081 0.0114286 0.0354553
15 0.538857 0.615633 0.0125714 0.0370669
15 0.853714 0.205077 0.0114286 0.0362611
15 0.369714 0.552377 0.0125714 0.0362611
15 0.461143 0.33199 0.0125714 0.0354553
15 0.362857 0.489927 0.0125714 0.0354553
15 0.408 0.0797744 0.0114286 0.0338437
15 0.697714 0.805399 0.0125714 0.0362611
15 0.512571 0.804996 0.0125714 0.0354553
15 0.759429 0.110798 0.0125714 0.0362611
15 0.421714 0.930701 0.0114286 0.0322321
15 0.544571 0.804996 0.0125714 0.0354553
15 0.0897143 0.205077 0.0102857 0.0330379
15 0.133714 0.930298 0.0137143 0.0346495
15 0.488 0.426269 0.0137143 0.0370669
15 0.571429 0.584206 0.0114286 0.0370669
15 0.532 0.174053 0.0125714 0.0354553
15 0.0994286 0.489927 0.0137143 0.0370669
15 0.577714 0.804996 0.0125714 0.0354553
15 0.343429 0.77357 0.0148571 0.0354553
15 0.276571 0.489525 0.0114286 0.0362611
15 0.647429 0.930298 0.0102857 0.0330379
15 0.126286 0.929895 0.0102857 0.0338437
15 0.245714 0.520951 0.0114286 0.0362611
15 0.104571 0.394843 0.0171429 0.0354553
15 0.226857 0.426672 0.0171429 0.0362611
15 0.834286 0.930701 0.016 0.0338437
