0 0.578857 0.678888 0.0262857 0.0362611
0 0.748571 0.710314 0.0251429 0.0362611
0 0.390857 0.268735 0.0251429 0.0362611
0 0.809143 0.489927 0.0251429 0.0370669
0 0.630286 0.205077 0.0262857 0.0362611
0 0.166286 0.0797744 0.024 0.0354553
0 0.162857 0.331587 0.0262857 0.0362611
0 0.468 0.804593 0.024 0.0362611
0 0.343429 0.930701 0.024 0.0338437
0 0.512571 0.930701 0.024 0.0338437
0 0.498286 0.900483 0.0251429 0.0362611
0 0.396 0.205077 0.0262857 0.0362611
21 0.480571 0.174053 0.024 0.0370669
0 0.588 0.268735 0.0262857 0.0362611
0 0.802286 0.394843 0.0251429 0.0370669
0 0.901143 0.55278 0.0262857 0.0370669
21 0.416 0.616035 0.0251429 0.0362611
0 0.465143 0.268735 0.0251429 0.0362611
21 0.749714 0.930701 0.0228571 0.0338437
0 0.235429 0.174053 0.0251429 0.0370669
0 0.231429 0.0797744 0.024 0.0354553
0 0.545143 0.552377 0.0251429 0.0362611
0 0.653143 0.268735 0.024 0.0362611
21 0.872 0.679291 0.0251429 0.0354553
0 0.587429 0.584206 0.0251429 0.0370669
0 0.901714 0.269138 0.0251429 0.0370669
0 0.552 0.425866 0.0251429 0.0362611
0 0.341714 0.363014 0.0251429 0.0362611
21 0.902857 0.930701 0.0228571 0.0338437
0 0.749143 0.615633 0.0262857 0.0370669
0 0.134286 0.647462 0.024 0.0362611
21 0.233143 0.900081 0.0251429 0.0370669
21 0.255429 0.110798 0.024 0.0362611
0 0.891429 0.678888 0.0251429 0.0362611
0 0.586857 0.647462 0.024 0.0362611
0 0.604 0.930701 0.024 0.0338437
21 0.125143 0.900081 0.024 0.0354553
0 0.122286 0.868654 0.0251429 0.0370669
0 0.682857 0.300161 0.0262857 0.0362611
0 0.568571 0.521354 0.0262857 0.0370669
0 0.134286 0.584206 0.0262857 0.0370669
21 0.872 0.616035 0.0251429 0.0362611
0 0.353714 0.647462 0.024 0.0362611
0 0.403429 0.584206 0.0251429 0.0370669
9 0.436 0.930701 0.0217143 0.0338437
21 0.524 0.553183 0.024 0.0362611
21 0.387429 0.174456 0.0251429 0.0362611
0 0.277714 0.521354 0.0251429 0.0370669
0 0.402286 0.900081 0.0251429 0.0370669
0 0.514286 0.458098 0.0251429 0.0362611
21 0.636571 0.142627 0.0251429 0.0370669
0 0.214857 0.804996 0.0251429 0.0354553
21 0.760571 0.0797744 0.024 0.0354553
0 0.394286 0.521354 0.0251429 0.0370669
9 0.594857 0.205479 0.024 0.0354553
21 0.135429 0.14303 0.024 0.0362611
0 0.646286 0.900081 0.024 0.0370669
0 0.303429 0.268332 0.024 0.0354553
0 0.376571 0.773167 0.024 0.0362611
0 0.892571 0.615633 0.0251429 0.0370669
0 0.278286 0.930298 0.024 0.0330379
0 0.848571 0.0793715 0.024 0.0346495
0 0.433714 0.868251 0.024 0.0362611
21 0.902857 0.205479 0.0251429 0.0370669
0 0.204571 0.363014 0.0251429 0.0362611
21 0.194286 0.773973 0.0251429 0.0362611
9 0.661143 0.0801773 0.0217143 0.0346495
21 0.166857 0.679694 0.0251429 0.0362611
0 0.559429 0.17365 0.024 0.0346495
0 0.688571 0.174053 0.0262857 0.0370669
0 0.159429 0.17365 0.024 0.0346495
21 0.838857 0.205479 0.0251429 0.0354553
21 0.164 0.426672 0.024 0.0362611
9 0.370286 0.931104 0.0228571 0.0346495
9 0.351429 0.205882 0.024 0.0362611
21 0.370286 0.269138 0.0251429 0.0370669
9 0.137143 0.679694 0.0228571 0.0362611
9 0.579429 0.174456 0.0228571 0.0362611
9 0.853143 0.616035 0.024 0.0362611
21 0.373714 0.300564 0.0251429 0.0354553
9 0.541714 0.679694 0.0228571 0.0362611
9 0.350857 0.269541 0.0228571 0.0362611
0 0.882286 0.458098 0.0251429 0.0362611
9 0.835429 0.584609 0.0228571 0.0362611
9 0.780571 0.553183 0.0228571 0.0362611
9 0.596571 0.14303 0.0228571 0.0362611
9 0.746286 0.458904 0.0228571 0.0362611
21 0.256571 0.174053 0.024 0.0354553
9 0.341714 0.584609 0.0228571 0.0362611
9 0.16 0.269138 0.0228571 0.0354553
9 0.514286 0.300967 0.0228571 0.0362611
21 0.824571 0.110798 0.024 0.0362611
9 0.179429 0.837228 0.0228571 0.0354553
9 0.129714 0.174053 0.0217143 0.0354553
9 0.835429 0.742546 0.0228571 0.0362611
9 0.446857 0.332393 0.0228571 0.0362611
9 0.406857 0.458904 0.0228571 0.0362611
9 0.882857 0.205882 0.0217143 0.0362611
9 0.443429 0.679694 0.0228571 0.0362611
9 0.784571 0.110798 0.024 0.0362611
21 0.113143 0.584609 0.0251429 0.0362611
21 0.113143 0.647865 0.0251429 0.0370669
9 0.504 0.553183 0.0228571 0.0362611
9 0.852571 0.679694 0.0228571 0.0362611
9 0.822286 0.553183 0.024 0.0362611
21 0.483429 0.742546 0.0251429 0.0362611
9 0.561143 0.237309 0.0228571 0.0362611
21 0.380571 0.837631 0.0251429 0.0362611
9 0.818286 0.205882 0.0228571 0.0362611
9 0.377143 0.49033 0.0228571 0.0362611
9 0.424 0.269541 0.0228571 0.0362611
9 0.630286 0.55278 0.024 0.0370669
9 0.318286 0.174053 0.0217143 0.0354553
9 0.5 0.174053 0.0217143 0.0354553
9 0.309714 0.111201 0.0228571 0.0354553
9 0.210286 0.394843 0.0228571 0.0354553
21 0.564571 0.33199 0.0251429 0.0354553
9 0.869714 0.805399 0.0228571 0.0362611
9 0.216 0.111604 0.0228571 0.0362611
9 0.727429 0.773973 0.0217143 0.0362611
9 0.0942857 0.584609 0.0217143 0.0362611
9 0.765143 0.427075 0.024 0.0370669
9 0.819429 0.269138 0.0228571 0.0354553
21 0.444571 0.269138 0.0251429 0.0354553
9 0.283429 0.742143 0.0228571 0.0354553
9 0.3 0.71112 0.0217143 0.0362611
9 0.388571 0.14303 0.0228571 0.0362611
9 0.0942857 0.647865 0.0217143 0.0354553
9 0.623429 0.86946 0.024 0.0370669
21 0.522286 0.679291 0.0251429 0.0354553
9 0.0942857 0.805802 0.0217143 0.0370669
21 0.334857 0.426672 0.0251429 0.0362611
9 0.322286 0.679694 0.0228571 0.0362611
9 0.145143 0.742143 0.0228571 0.0370669
21 0.417714 0.489927 0.024 0.0354553
21 0.42 0.805802 0.024 0.0370669
21 0.788571 0.458904 0.0251429 0.0362611
9 0.365714 0.269138 0.032 0.0370669
21 0.14 0.110798 0.024 0.0346495
0 0.121714 0.647865 0.0285714 0.0370669
0 0.123429 0.584206 0.0274286 0.0370669
